Day,Susceptible,Exposed,Infected,Recovered,New_Exposed,New_Infections,New_Recoveries,Reported_Cases,Beta_Effective,Seasonality,Rt
0,24618,143,466,38,140,1,38,0,0.259544720526067,1.0,0.25437663555616824
1,24490,245,458,73,128,27,35,12,0.259551587115114,1.0,0.25294489416887206
2,24370,337,469,98,120,36,25,19,0.2595595078682231,1.0,0.25163739945737634
3,24242,403,495,139,128,67,41,38,0.25956864456769724,1.0,0.25041320090712094
4,24107,473,518,182,135,66,43,31,0.2595791838067489,1.0,0.24910805486097962
5,23971,531,562,224,136,86,42,55,0.2595913407886186,1.0,0.24773241171732033
6,23847,574,611,262,124,87,38,45,0.25960536370548143,1.0,0.24634813243276574
7,23686,650,666,294,161,87,32,52,0.2596215387849791,1.0,0.24508906359231214
8,23528,680,765,328,158,133,34,81,0.25964019610531325,1.0,0.24345186987650727
9,23351,738,813,399,177,119,71,69,0.25966171629480567,1.0,0.24184794192566358
10,23155,787,907,457,196,152,58,78,0.2596865382489382,1.0,0.24005147676857433
11,22922,898,960,533,233,129,76,83,0.25971516801738215,1.0,0.2380628128515294
12,22680,995,1025,620,242,152,87,87,0.259748189035717,1.0,0.23569724037356815
13,22419,1094,1103,705,261,163,85,96,0.2597862739017336,1.0,0.23324305023915592
14,22157,1160,1211,794,262,197,89,114,0.25983019792474277,1.0,0.23059788635742084
15,21858,1265,1316,887,299,198,93,115,0.25988085470850725,1.0,0.2279474327135266
16,21551,1341,1438,997,307,232,110,139,0.25993927406461964,1.0,0.22492192124240754
17,21236,1457,1518,1122,315,205,125,130,0.26000664259366085,1.0,0.22182032201955523
18,20873,1592,1645,1228,363,233,106,144,0.26008432731656295,1.0,0.21864339396280952
19,20551,1639,1808,1346,322,281,118,161,0.2601739027884373,1.0,0.21498000367772657
20,20150,1744,1977,1474,401,297,128,168,0.26027718218173,1.0,0.21174760979441565
21,19717,1876,2127,1627,433,303,153,171,0.2603962528847737,1.0,0.20771087825613355
22,19267,2010,2270,1807,450,323,180,184,0.26053351722508616,1.0,0.20335455283349924
23,18788,2192,2428,1948,479,299,141,164,0.26069173899320536,1.0,0.19883408159542723
24,18353,2259,2610,2142,435,376,194,214,0.2608740965108521,1.0,0.1940264647181778
25,18058,2175,2794,2341,295,383,199,240,0.26108424305435335,1.0,0.18968683396447278
26,17751,2104,2982,2532,307,379,191,242,0.2613263755069504,1.0,0.18681096112206608
27,17444,2074,3132,2725,307,343,193,208,0.26160531216669897,1.0,0.18383103979537918
28,17170,2024,3244,2939,274,326,214,176,0.2619265806729416,1.0,0.18087357085067074
29,16855,2005,3348,3174,315,339,235,196,0.2622965170239345,1.0,0.1782839633150293
30,16549,1984,3423,3429,306,330,255,210,0.2627223766277975,1.0,0.17529732227788003
31,16260,1922,3506,3700,289,354,271,224,0.26321245824086675,1.0,0.17243588818447822
32,15936,1952,3523,3982,324,299,282,158,0.2637762414786104,1.0,0.16978748610277525
33,15659,1912,3577,4249,277,321,267,190,0.2644245383047373,1.0,0.16681324739417655
34,15344,1903,3603,4548,315,325,299,196,0.26516965847620694,1.0,0.1643755861636089
35,15067,1854,3658,4826,277,333,278,212,0.2660255882986115,1.0,0.1615888771962272
36,14766,1862,3671,5109,301,296,283,174,0.2670081811706902,1.0,0.15925783879097383
37,14485,1832,3715,5381,281,316,272,176,0.268135357200948,1.0,0.15673515238625543
38,14168,1864,3697,5687,317,288,306,176,0.26942730758618977,1.0,0.15449327225311582
39,13905,1836,3701,5975,263,292,288,177,0.2709066973672198,1.0,0.15194196937171012
40,13612,1815,3765,6230,293,319,255,191,0.27259885753625085,1.0,0.150052931952083
41,13321,1801,3774,6531,291,310,301,192,0.2745319541891291,1.0,0.14793274060498102
42,13046,1778,3797,6809,275,301,278,177,0.27673711844622834,1.0,0.14593306499434733
43,12722,1802,3823,7087,324,304,278,190,0.2792485162155964,1.0,0.144217415880158
44,12423,1809,3820,7389,299,299,302,189,0.2821033316382257,1.0,0.14207349610472694
45,12147,1768,3837,7693,276,321,304,209,0.28534163247572725,1.0,0.1403269506451035
46,11878,1728,3848,7993,269,311,300,193,0.2890060802127877,1.0,0.13897141270514754
47,11606,1715,3839,8293,272,291,300,169,0.29314144295474603,1.0,0.13783833020927413
48,11325,1731,3805,8599,281,272,306,175,0.2977938663366448,1.0,0.13681942966244803
49,11074,1700,3790,8900,251,286,301,155,0.3030098580207324,1.0,0.13584524136355625
50,10797,1684,3794,9197,277,301,297,191,0.3088349466845543,1.0,0.1353880764650946
51,10579,1630,3760,9510,218,279,313,172,0.3153119886541575,1.0,0.13476994345033602
52,10312,1642,3724,9807,267,261,297,151,0.32247911643311694,1.0,0.13505033738751215
53,10035,1647,3739,10071,277,279,264,170,0.33036735473177264,1.0,0.13486196753865798
54,9774,1635,3681,10406,261,277,335,177,0.3389979714718003,1.0,0.1346678533597053
55,9558,1576,3679,10683,216,275,277,175,0.34837968195040964,1.0,0.1347952579622067
56,9293,1588,3658,10958,265,254,275,140,0.3585058795263963,1.0,0.1356478047786428
57,9032,1582,3635,11249,261,268,291,173,0.3693521183382394,1.0,0.13587701340870348
58,8794,1555,3623,11533,238,272,284,160,0.3808741123004549,1.0,0.1361804751315351
59,8525,1544,3657,11785,269,286,252,177,0.39300652796167773,1.0,0.13681562119057022
60,8273,1539,3630,12072,252,260,287,147,0.4056628256086712,1.0,0.13690176906353357
61,7999,1581,3555,12385,274,238,313,153,0.41873633633198404,1.0,0.13713652311763208
62,7765,1558,3537,12668,234,265,283,166,0.4321026533469441,1.0,0.13682709014378708
63,7519,1574,3493,12945,246,233,277,140,0.44562327432538124,1.0,0.13698051245542875
64,7296,1550,3479,13208,223,249,263,142,0.4591502782061972,1.0,0.1366672317735797
65,7042,1550,3465,13478,254,256,270,156,0.472531681648298,1.0,0.13647880722481223
66,6785,1568,3450,13740,257,247,262,145,0.4856170239581177,1.0,0.1353752853296807
67,6555,1527,3451,14015,230,276,275,172,0.49826269507038745,1.0,0.13383129670450808
68,6313,1500,3474,14267,242,275,252,178,0.5103365564547152,1.0,0.13242769991531048
69,6062,1503,3499,14497,251,255,230,155,0.5217215022960345,1.0,0.13038390578341577
70,5843,1459,3475,14784,219,263,287,159,0.5323177479548452,1.0,0.1277427729742398
71,5619,1433,3426,15090,224,257,306,161,0.5420437876696088,1.0,0.12537753261365442
72,5403,1412,3380,15375,216,239,285,145,0.5508361070940037,1.0,0.12252674422078329
73,5206,1389,3334,15641,197,220,266,140,0.5586478483008258,1.0,0.11948752323223
74,5012,1370,3293,15902,194,220,261,139,0.5654466947826128,1.0,0.1165320253765996
75,4813,1350,3274,16144,199,223,242,138,0.5712122710774845,1.0,0.11333343504375727
76,4637,1317,3220,16413,176,215,269,138,0.5759333428801475,1.0,0.109733073879979
77,4489,1254,3187,16659,148,213,246,138,0.5796050699074282,1.0,0.106394390925171
78,4319,1213,3165,16893,170,212,234,141,0.582226517127714,1.0,0.1034644248203281
79,4163,1182,3125,17125,156,192,232,117,0.5837985801806772,1.0,0.0998149743794919
80,4021,1148,3044,17387,142,181,262,114,0.5843224347035204,1.0,0.09629604115714958
81,3877,1121,2979,17629,144,177,242,110,0.5837985801806772,1.0,0.09292799536465315
82,3742,1070,2934,17863,135,189,234,111,0.582226517127714,1.0,0.08935878258596837
83,3621,1019,2895,18079,121,177,216,113,0.5796050699074282,1.0,0.08585891974164112
84,3490,979,2833,18312,131,171,233,108,0.5759333428801474,1.0,0.08255629763544649
85,3393,908,2794,18519,97,168,207,100,0.5712122710774846,1.0,0.07891733605401297
86,3290,853,2739,18734,103,160,215,96,0.5654466947826128,1.0,0.07594951250534045
87,3171,827,2655,18964,119,146,230,92,0.5586478483008258,1.0,0.07275845852934235
88,3064,793,2593,19171,107,145,207,89,0.5508361070940037,1.0,0.06914616585230535
89,2956,768,2563,19341,108,140,170,96,0.5420437876696088,1.0,0.06574649322749224
90,2833,767,2495,19536,123,127,195,78,0.5323177479548451,1.0,0.06229093317582527
91,2726,758,2412,19740,107,121,204,76,0.5217215022960345,1.0,0.0585106296664687
92,2615,749,2371,19905,111,124,165,72,0.5103365564547152,1.0,0.055072144922827825
93,2510,734,2316,20080,105,120,175,80,0.4982626950703874,1.0,0.05157978494948985
94,2401,731,2235,20275,109,114,195,75,0.4856170239581177,1.0,0.04825219627627075
95,2277,767,2176,20427,124,93,152,50,0.472531681648298,1.0,0.04491305045871357
96,2190,733,2122,20605,87,124,178,82,0.4591502782061971,1.0,0.04138732367980329
97,2103,688,2088,20773,87,134,168,85,0.44562327432538124,1.0,0.03863326751801532
98,2035,633,2058,20929,68,126,156,75,0.43210265334694414,1.0,0.03597291793629007
99,1954,613,1992,21101,81,106,172,66,0.41873633633198404,1.0,0.03373296561638841
100,1887,566,1928,21279,67,114,178,68,0.4056628256086712,1.0,0.03137900958945978
101,1837,524,1866,21440,50,99,161,63,0.39300652796167773,1.0,0.029357638979600406
102,1789,471,1828,21582,48,104,142,58,0.3808741123004549,1.0,0.027697468203789863
103,1732,479,1753,21711,57,54,129,37,0.36935211833823933,1.0,0.026157750671276285
104,1691,457,1701,21833,41,70,122,44,0.3585058795263963,1.0,0.024580665189015413
105,1645,423,1663,21952,46,81,119,49,0.34837968195040964,1.0,0.02332093116575522
106,1600,392,1605,22087,45,77,135,45,0.3389979714718003,1.0,0.022075597287166442
107,1573,339,1551,22221,27,80,134,53,0.33036735473177264,1.0,0.020925053147968657
108,1539,324,1491,22338,34,57,117,32,0.32247911643311694,1.0,0.02008074304854491
109,1503,308,1445,22440,36,56,102,35,0.3153119886541575,1.0,0.019210053067524973
110,1479,282,1395,22548,24,58,108,36,0.30883494668455436,1.0,0.018375318667783747
111,1450,264,1343,22648,29,48,100,28,0.3030098580207323,1.0,0.017740848739664427
112,1430,247,1259,22774,20,42,126,29,0.2977938663366448,1.0,0.017093587197186767
113,1400,242,1208,22868,30,43,94,27,0.29314144295474603,1.0,0.016594444536055058
114,1377,229,1160,22960,23,44,92,35,0.2890060802127876,1.0,0.016017121740940686
115,1350,221,1099,23061,27,40,101,25,0.28534163247572714,1.0,0.015554230945690048
116,1331,196,1026,23178,19,44,117,27,0.2821033316382257,1.0,0.015076184541847303
117,1313,186,997,23243,18,36,65,26,0.27924851621559643,1.0,0.014713581215429273
118,1297,168,949,23331,16,40,88,23,0.27673711844622834,1.0,0.01438406383436514
119,1282,159,903,23407,15,30,76,19,0.27453195418912907,1.0,0.014095560135517216
120,1270,147,854,23483,12,27,76,18,0.27259885753625096,1.0,0.013834437882960838
121,1260,140,805,23551,10,19,68,15,0.2709066973672198,1.0,0.013619868796024271
122,1253,121,769,23617,7,30,66,17,0.2694273075861899,1.0,0.013438834866339386
123,1240,115,736,23677,13,27,60,19,0.268135357200948,1.0,0.013300091151292026
124,1230,112,682,23749,10,18,72,12,0.2670081811706902,1.0,0.013106771095825812
125,1218,113,634,23812,12,15,63,9,0.2660255882986115,1.0,0.012953227251783071
126,1210,114,591,23869,8,14,57,11,0.26516965847620705,1.0,0.012785584261273115
127,1192,109,573,23912,18,25,43,19,0.2644245383047373,1.0,0.012665915496169277
128,1187,101,553,23951,5,19,39,10,0.2637762414786104,1.0,0.01244690550027725
129,1178,104,527,23991,9,14,40,8,0.26321245824086675,1.0,0.012368203473018044
130,1176,93,493,24043,2,18,52,11,0.2627223766277975,1.0,0.012251571975279898
131,1170,88,460,24088,6,12,45,9,0.2622965170239344,1.0,0.012210945885758556
132,1162,81,444,24127,8,23,39,16,0.2619265806729416,1.0,0.012131511000646914
133,1155,79,438,24149,7,16,22,9,0.26160531216669897,1.0,0.012033782223099015
134,1149,80,412,24182,6,7,33,4,0.2613263755069504,1.0,0.011948535834310903
135,1146,70,400,24208,3,14,26,13,0.26108424305435324,1.0,0.011875452090948571
