Day,Susceptible,Exposed,Infected,Recovered,New_Exposed,New_Infections,New_Recoveries,Reported_Cases,Beta_Effective,Seasonality,Rt
0,484262,811,869,4452,811,0,60,0,0.8026094000065631,1.250671950001061,0.8010889406767057
1,479152,1410,967,8865,754,155,57,37,0.8065128529605357,1.256696650091793,0.7964280297074902
2,474037,1954,1157,13246,813,269,79,56,0.8096542517599312,1.2615245119037664,0.7910933943712087
3,468787,2541,1492,17574,993,406,71,83,0.812019971946089,1.2651330257165811,0.7849351979049666
4,463286,3345,1862,21901,1289,485,115,120,0.8136001434069554,1.2675053669730838,0.7777525223133163
5,457559,4233,2409,26193,1569,681,134,174,0.8143887135965163,1.2686304747232189,0.7693709335091287
6,451370,5445,3095,30484,2077,865,179,200,0.8143834949456414,1.2685031031952845,0.7598553358398201
7,444807,6885,3929,34773,2512,1072,238,260,0.8135861964635118,1.2671238462541405,0.7488435859691092
8,437630,8695,5011,39058,3184,1374,292,339,0.8120024396282866,1.264499134632338,0.7365187362890641
9,429687,11035,6291,43381,4013,1673,393,406,0.8096417587684034,1.2606412059470742,0.7225282586854985
10,420968,13673,7996,47757,4859,2221,516,557,0.80651758624203,1.2555680476427726,0.7066769211686504
11,411205,16994,10060,52135,5981,2660,596,669,0.8026472228319332,1.249303313125314,0.6890149473711206
12,400100,21065,12619,56610,7411,3340,781,837,0.7980517938867155,1.2418762114789386,0.669182102360932
13,387853,25528,15814,61199,8655,4192,997,1093,0.7927561918574021,1.2333213712800124,0.6467896270389658
14,373877,30759,19815,65943,10493,5262,1261,1293,0.7867890060012084,1.223678679142619,0.6222720431828013
15,357807,37198,24582,70807,12714,6275,1508,1526,0.7801824401525074,1.212993093748752,0.5948120698395556
16,339799,44520,30186,75889,14796,7474,1870,1873,0.7729722195951226,1.2013144362301862,0.5639850221998476
17,319680,52729,36707,81278,17068,8859,2338,2165,0.7651974882105449,1.1886971578793624,0.5302131373884161
18,297841,61127,44505,86921,18969,10571,2773,2643,0.7569006972239514,1.1752000862723264,0.4934114505653674
19,273982,70114,53260,93038,21185,12198,3443,3073,0.7481274870240002,1.1608861509874138,0.4543755406116618
20,259870,67781,62982,99761,11652,13985,4263,3586,0.7389265636929613,1.1458220901985063,0.4128365717641833
21,244862,66877,71735,106920,12677,13581,4828,3450,0.729349572049619,1.1300781395108577,0.3864975372629651
22,228839,67376,79577,114602,13828,13329,5487,3422,0.7194509671762888,1.113727704490279,0.359234009234861
23,213039,67715,86842,122798,13749,13410,6145,3321,0.7092878865691921,1.0968470184125059,0.3309843323421725
24,197460,67792,93679,131463,13669,13592,6755,3500,0.6989200252120328,1.0795147868284778,0.30362774269494786
25,182036,68028,100023,140307,13653,13417,7073,3349,0.6884095160162014,1.061811820602725,0.2771921007038404
26,167222,67494,106290,149388,13182,13716,7449,3414,0.6778208181835167,1.0438206591358163,0.25160950268326004
27,153017,66666,111594,159117,12707,13535,8231,3458,0.6672206161087175,1.025625185527571,0.22751902728608417
28,139709,65283,116211,169191,11939,13322,8705,3392,0.6566777314212489,1.007310235475326,0.2049022957639882
29,127271,63468,120341,179314,11188,13003,8873,3459,0.646263050631625,0.9889612017307519,0.18411474149498913
30,115804,61090,123889,189611,10329,12707,9159,3281,0.636049470546991,0.9706636359594268,0.16507268067306308
31,105151,58515,126485,200243,9618,12193,9597,3144,0.6261118630889877,0.95250284985948,0.14785306955867555
32,95417,55515,128591,210871,8798,11798,9692,2949,0.6165270603034242,0.9345635173990715,0.13219663559905986
33,86771,52063,130023,221537,7796,11248,9816,2822,0.6073738590960887,0.9169292800272669,0.1181780191302738
34,78754,48766,130481,232393,7246,10543,10085,2641,0.5987330434449378,0.8996823566989914,0.10594066182041521
35,71469,45561,130253,243111,6585,9790,10018,2484,0.5906874193940701,0.8829031605323074,0.09486045307846465
36,65134,42236,129218,253806,5698,9023,10058,2356,0.5833218548913969,0.8666699238853388,0.08501211199001873
37,59382,38983,127816,264213,5173,8426,9828,2110,0.5767233123618781,0.8510583336009026,0.0766002361924872
38,54306,35642,125845,274601,4550,7891,9862,2008,0.570980856720387,0.8361411781195104,0.06914029379186944
39,49709,32788,123013,284884,4115,6969,9801,1802,0.5661856153091688,0.8219880081060578,0.06269912769116204
40,45609,29808,120394,294583,3662,6642,9261,1687,0.562430659116428,0.8086648121725184,0.05701102712108737
41,41925,27164,117008,304297,3280,5924,9310,1526,0.5598107669279138,0.7962337092085736,0.05206509310639041
42,38661,24630,113515,313588,2893,5427,8920,1388,0.5584220264166366,0.7847526587546741,0.04774088479369138
43,35759,22283,109804,322548,2564,4911,8622,1252,0.5583612196151683,0.7742751907679056,0.04401930511291333
44,33116,20061,105820,331397,2327,4549,8533,1174,0.559724936235537,0.7648501560406205,0.040814536872079525
45,30676,18214,101632,339872,2149,3996,8184,1056,0.5626083588814083,0.7565214984354911,0.037992590473612475
46,28585,16476,97290,348043,1824,3562,7904,930,0.5671036717018146,0.7493280499989389,0.03547448017945747
47,26595,14893,93132,355774,1743,3326,7484,905,0.5732980609513465,0.7433033499082069,0.033417466511201685
48,24841,13453,89085,363015,1521,2961,7008,805,0.5812713043611675,0.7384754880962336,0.03152344918470709
49,23248,12201,84751,370194,1377,2629,6963,669,0.5910929871917984,0.7348669742834189,0.029941926073384795
50,21736,11191,80542,376925,1311,2321,6530,627,0.602819435314875,0.7324946330269161,0.028577727770323892
51,20406,10138,76543,383307,1143,2196,6195,591,0.6164905157212405,0.731369525276781,0.027325044453473907
52,19140,9175,72770,389309,1095,2058,5831,533,0.6321265150658162,0.7314968968047155,0.026303693900074317
53,17964,8383,68962,395085,1012,1804,5612,483,0.6497253565534109,0.7328761537458595,0.025358677562189354
54,16950,7511,65469,400464,857,1729,5222,499,0.6692604420299374,0.735500865367662,0.024516194285871762
55,15945,6835,61978,405636,857,1533,5024,407,0.6906793976204513,0.7393587940529259,0.02387267338031593
56,15024,6285,58588,410497,785,1335,4725,357,0.7139039498571316,0.7444319523572274,0.023212352680644466
57,14217,5779,55222,415176,679,1185,4551,311,0.7388310648020864,0.750696686874686,0.022635264537466903
58,13480,5278,52091,419545,616,1117,4248,303,0.7653353547834063,0.7581237885210614,0.02218781783414089
59,12792,4796,49213,423593,575,1057,3935,302,0.7932726149445576,0.7666786287199877,0.021805558080752695
60,11867,4645,46287,427595,820,971,3897,251,0.8224842196063764,0.776321320857381,0.021454622481524584
61,10792,4691,43698,431213,977,931,3520,234,0.8528020111661954,0.7870069062512478,0.02063687864555692
62,9833,4707,41288,434566,872,856,3266,226,0.8840532701120316,0.7986855637698137,0.019455178674798315
63,8988,4552,38982,437872,765,920,3226,264,0.9160653705906542,0.8113028421206376,0.018368232052223116
64,8166,4381,36916,440931,745,916,2982,266,0.9486697959365381,0.8247999137276737,0.017387333706932802
65,7480,4140,34980,443794,617,858,2794,226,0.9817052962690459,0.8391138490125862,0.01634727474098996
66,6827,3876,33139,446552,592,856,2697,229,1.0150200938713176,0.8541779098014934,0.015482143546123027
67,6237,3638,31443,449076,536,774,2470,218,1.0484731601111206,0.8699218604891423,0.014596276186247426
68,5737,3362,29748,451547,451,727,2422,191,1.0819346837287727,0.8862722955097211,0.01376041840319489
69,5290,3074,28040,453990,403,691,2399,188,1.1152859154067607,0.9031529815874942,0.013047458363455887
70,4868,2832,26490,456204,383,625,2175,181,1.1484186060351267,0.9204852131715224,0.012388272340048656
71,4517,2564,25036,458277,315,583,2037,173,1.18123425993465,0.938188179397275,0.01172577229199761
72,4181,2330,23645,460238,304,538,1929,157,1.2136434063829318,0.9561793408641837,0.011178822062732624
73,3887,2121,22249,462137,267,476,1872,117,1.2455650604533224,0.9743748144724286,0.010619435632889761
74,3626,1933,20957,463878,234,422,1714,113,1.2769265034115873,0.9926897645246741,0.010121276603630632
75,3383,1728,19835,465448,219,424,1546,119,1.3076634673943908,1.0110387982692484,0.009668935045640975
76,3177,1578,18665,466974,188,338,1508,97,1.3377207600223384,1.029336364040573,0.00922831301189568
77,2975,1442,17531,468446,184,320,1454,74,1.367053311198531,1.04749715014052,0.00885640601165131
78,2799,1293,16538,469764,158,307,1300,98,1.3956275648121252,1.0654364826009284,0.00846664519817957
79,2645,1173,15520,471056,138,258,1276,70,1.4234230709276585,1.0830707199727332,0.008124408486903422
80,2502,1043,14589,472260,131,261,1192,65,1.4504340597690168,1.1003176433010087,0.007823093447491302
81,2378,938,13754,473324,114,219,1054,56,1.4766707016022433,1.1170968394676923,0.0075340034653947905
82,2261,878,12885,474370,108,168,1037,52,1.5021596860152746,1.1333300761146612,0.0072842158210425145
83,2144,808,12126,475316,108,178,937,46,1.526943705818944,1.1489416663990972,0.007040093718227858
84,2050,721,11380,476243,85,172,918,59,1.551079426109602,1.1638588218804895,0.006781311128559865
85,1950,672,10686,477086,92,141,835,41,1.5746335816099444,1.1780119918939425,0.006582459904281835
86,1865,621,10016,477892,77,128,798,42,1.5976769952434697,1.1913351878274816,0.0063529940022201865
87,1782,577,9361,478674,77,121,776,40,1.6202765556948162,1.2037662907914264,0.006162016208132302
88,1730,500,8807,479357,49,126,680,38,1.6424855175820299,1.215247341245326,0.00596848491688556
89,1665,453,8216,480060,62,109,700,32,1.6643328530023167,1.2257248092320943,0.0058713928712300885
90,1605,428,7669,480692,58,83,630,23,1.6858127187466703,1.2351498439593798,0.0057237204711175224
91,1556,394,7210,481234,49,83,542,23,1.7068753248713266,1.243478501564509,0.005586395625595907
92,1524,344,6763,481763,32,82,529,25,1.72742051896765,1.250671950001061,0.005481034285724669
93,1485,303,6367,482239,39,80,476,19,1.747295190319387,1.256696650091793,0.0054300784064379775
94,1454,271,5916,482753,31,63,514,15,1.7662951576244452,1.2615245119037664,0.005348654977573749
95,1421,257,5477,483239,33,47,486,10,1.7841716031680288,1.2651330257165814,0.005290002551022879
96,1384,252,5062,483696,37,42,457,10,1.8006414734526497,1.2675053669730838,0.005217664844545845
97,1358,226,4748,484062,26,52,366,16,1.815400716047302,1.2686304747232189,0.005123461116998711
98,1334,203,4402,484455,24,47,393,9,1.8281388773655927,1.2685031031952845,0.005062485665531134
99,1311,183,4131,484769,23,43,314,12,1.8385535052499162,1.2671238462541405,0.005001346623334275
100,1289,170,3852,485083,22,35,314,8,1.8463629764885614,1.264499134632338,0.004935994041885716
101,1266,159,3569,485400,23,34,317,7,1.851316738524635,1.2606412059470742,0.004866183672635176
102,1244,152,3334,485664,22,29,264,7,1.8532024203421582,1.2555680476427726,0.004784223020985519
103,1227,139,3111,485917,17,30,253,9,1.8518497312928315,1.249303313125314,0.0046976534495289145
104,1206,135,2913,486140,21,25,223,9,1.8471314517187278,1.2418762114789386,0.004621651756055088
105,1194,116,2727,486357,12,31,217,7,1.8389620829135314,1.2333213712800124,0.004522462085575514
106,1178,106,2545,486565,16,26,208,9,1.827294857531641,1.223678679142619,0.004449055371584439
107,1169,96,2371,486758,9,19,193,7,1.8121178317614293,1.212993093748752,0.004352979045043299
108,1156,91,2206,486941,13,18,183,6,1.7934497177831703,1.2013144362301862,0.004275220985755384
109,1145,76,2082,487091,11,26,150,11,1.7713360022574682,1.1886971578793624,0.0041755494940999135
110,1133,75,1939,487247,12,13,156,3,1.745845761951303,1.1752000862723264,0.004076300683601842
111,1117,77,1808,487392,16,14,145,4,1.7170694506220987,1.1608861509874138,0.0039670952082505855
112,1113,67,1692,487522,4,14,130,6,1.6851178023943751,1.1458220901985066,0.0038382944841790826
113,1103,59,1586,487646,10,18,124,5,1.6501218790855543,1.1300781395108574,0.003745122598201083
114,1091,62,1480,487761,12,9,115,1,1.612234180502108,1.1137277044902787,0.0036262562370131465
115,1084,56,1377,487877,7,13,116,5,1.5716306340643955,1.096847018412506,0.003496472268755848
116,1079,47,1260,488008,5,14,131,4,1.5285131806757852,1.079514786828478,0.0033787287117145624
117,1076,42,1176,488100,3,8,92,1,1.4831125783987813,1.061811820602725,0.0032632505130411158
118,1072,36,1096,488190,4,10,90,5,1.4356909602507437,1.0438206591358161,0.003150127190034544
119,1070,31,1011,488282,2,7,92,0,1.386543619109242,1.0256251855275713,0.0030309807209817153
120,1067,25,936,488366,3,9,84,3,1.3359994680994267,1.0073102354753263,0.002915042661342485
121,1065,22,867,488440,2,5,74,3,1.284419657836316,0.9889612017307522,0.002794642216077989
122,1061,19,792,488522,4,7,82,2,1.2321939386977951,0.9706636359594271,0.002675984095876279
123,1059,20,729,488586,2,1,64,1,1.1797345440614389,0.9525028498594799,0.0025524340657699456
124,1056,19,684,488635,3,4,49,0,1.1274676310678435,0.9345635173990714,0.002434752915616517
125,1056,18,619,488701,0,1,66,0,1.0758226218848197,0.916929280027267,0.0023166447564822766
126,1055,17,569,488753,1,2,52,1,1.025220095619298,0.8996823566989918,0.0022076787664081915
127,1050,18,536,488790,5,4,37,1,0.9760591333067468,0.8829031605323077,0.002099826640698332
128,1050,14,492,488838,0,4,48,0,0.9287051622518943,0.8666699238853386,0.0019884835874103045
129,1050,14,450,488880,0,0,42,0,0.8834793447498229,0.8510583336009026,0.0018916489842602357
130,1049,11,428,488906,1,4,26,1,0.840650401960872,0.8361411781195105,0.0017999464146358144
131,1048,10,394,488942,1,2,36,0,0.8004294814127161,0.821988008106058,0.001712195756885156
132,1047,9,359,488979,1,2,37,1,0.7629683185011294,0.8086648121725183,0.0016305068940264025
133,1047,8,326,489013,0,1,34,0,0.7283605742697886,0.7962337092085735,0.001555062911170342
134,1047,7,305,489035,0,1,22,0,0.6966459160792557,0.784752658754674,0.001487351546175077
135,1047,6,277,489064,0,1,29,0,0.6678161891009804,0.7742751907679057,0.0014257995611461935
136,1047,3,254,489090,0,3,26,2,0.6418229240058603,0.7648501560406206,0.0013703034731952994
137,1046,4,235,489109,1,0,19,0,0.6185854338022202,0.7565214984354911,0.0013206910141456145
138,1046,2,218,489128,0,2,19,1,0.5979988461478578,0.7493280499989388,0.0012755188543715037
139,1046,2,205,489141,0,0,13,0,0.5799415633585017,0.7433033499082069,0.0012370030532041433
140,948,78,214,489154,0,22,13,8,0.5642818076144116,0.7384754880962336,0.001203601126369153
141,948,61,204,489181,0,17,27,7,0.5508830667677795,0.7348669742834189,0.001064933802811321
142,948,45,208,489193,0,16,12,3,0.5396083891719834,0.7324946330269162,0.0010431382784761645
143,948,37,200,489209,0,8,16,3,0.5303235758131544,0.731369525276781,0.0010251894392485845
144,948,30,191,489225,0,7,16,2,0.5228993838352809,0.7314968968047155,0.0010108374406616848
145,948,23,186,489237,0,7,12,2,0.5172128912679986,0.7328761537458595,0.0009998446574021353
146,948,18,177,489251,0,5,14,1,0.5131481847707339,0.735500865367662,0.0009919870128155233
147,850,87,190,489267,0,29,16,8,0.5105965274357102,0.7393587940529259,0.000987054303292971
148,849,63,201,489281,1,25,14,10,0.50945614845353,0.7444319523572274,0.0008830404250164165
149,849,44,204,489297,0,19,16,5,0.5096317758271993,0.7506966868746859,0.0008823056107482804
150,849,36,192,489317,0,8,20,2,0.511034011038386,0.7581237885210612,0.0008847332458626934
151,849,31,180,489334,0,5,17,2,0.5135786230745688,0.7666786287199878,0.0008891386334056064
152,849,17,178,489350,0,14,16,2,0.5171858199409101,0.776321320857381,0.0008953836326093563
153,849,13,168,489364,0,4,14,2,0.5217795393697008,0.7870069062512481,0.0009033365598373471
154,751,89,181,489373,0,22,9,5,0.5272867870521281,0.7986855637698138,0.0009128710428905263
155,750,77,179,489388,1,13,15,4,0.5336370401856916,0.8113028421206376,0.0008172233289547882
156,749,62,177,489406,1,16,18,5,0.5407617261218068,0.8247999137276735,0.0008270315187203659
157,749,49,178,489418,0,13,12,5,0.548593780011248,0.8391138490125862,0.0008378910452175695
158,749,33,179,489433,0,16,15,6,0.5570672811760258,0.8541779098014934,0.0008508329906174287
159,749,26,170,489449,0,7,16,2,0.5661171651139256,0.869921860489142,0.0008646552703954989
160,749,20,164,489461,0,6,12,2,0.5756790062449499,0.8862722955097208,0.0008792594845725428
161,651,98,172,489473,0,20,12,5,0.5856888654709556,0.9031529815874939,0.0008945479761941331
162,651,76,187,489480,0,22,7,8,0.5960831961273871,0.9204852131715224,0.0007913028313538278
163,651,59,190,489494,0,17,14,8,0.6067988017928616,0.9381881793972754,0.0008055278408119857
164,651,46,184,489513,0,13,19,3,0.6177728395620987,0.9561793408641838,0.0008200959199234214
165,651,37,179,489527,0,9,14,1,0.6289428626866634,0.9743748144724288,0.0008349241703793642
166,651,29,167,489547,0,8,20,3,0.6402468968784355,0.9926897645246738,0.0008499303210640047
167,651,25,155,489563,0,4,16,0,0.6516235450049588,1.0110387982692484,0.0008650328670379903
168,553,95,165,489581,0,28,18,9,0.6630121153514055,1.0293363640405728,0.0008801512398066962
169,553,76,174,489591,0,19,10,5,0.6743527690596232,1.0474971501405197,0.0007604438090392044
170,553,62,178,489601,0,14,10,3,0.685586682767669,1.0654364826009282,0.0007731118969043686
171,553,49,178,489614,0,13,13,1,0.6966562228562316,1.083070719972733,0.0007855946264421998
172,553,38,177,489626,0,11,12,4,0.7075051280583446,1.1003176433010082,0.0007978285538082941
173,553,35,162,489644,0,3,18,1,0.7180786975053804,1.1170968394676928,0.0008097519947643638
174,553,26,162,489653,0,9,9,2,0.7283239815669005,1.1333300761146614,0.0008213052398815973
175,455,96,175,489668,0,28,15,12,0.7381899730968895,1.1489416663990974,0.0008324307702022862
176,455,72,180,489687,0,24,19,12,0.7476277969271765,1.1638588218804895,0.0006936680456976744
177,455,63,169,489707,0,9,20,4,0.756590895653601,1.1780119918939425,0.0007019842361904682
178,454,47,171,489722,1,17,15,7,0.7650352099448701,1.1913351878274816,0.0007098190853169409
179,454,37,172,489731,0,10,9,3,0.7729193517710341,1.2037662907914262,0.0007155580731086626
180,454,26,172,489742,0,11,11,1,0.7802047691008569,1.2152473412453257,0.0007223028119670898
181,454,22,158,489760,0,4,18,2,0.7868559007575051,1.2257248092320943,0.0007284603378995406
182,356,96,171,489771,0,24,11,10,0.792840320252116,1.2351498439593793,0.0007340006309099637
183,356,83,172,489783,0,13,12,4,0.7981288675367467,1.2434785015645091,0.0005793991705507854
184,356,68,174,489796,0,15,13,9,0.8026957677335625,1.2506719500010612,0.0005827144975532904
185,356,54,173,489811,0,14,15,9,0.8065187360071892,1.256696650091793,0.0005854897694885324
186,356,41,177,489820,0,13,9,5,0.8095790678529758,1.2615245119037664,0.0005877114078794998
187,356,33,176,489829,0,8,9,2,0.8118617141763671,1.2651330257165811,0.0005893684878827773
188,355,25,174,489840,1,9,11,1,0.8133553406383084,1.2675053669730838,0.0005904527813701591
189,257,103,181,489853,0,20,13,4,0.8140523708391028,1.2686304747232189,0.0005892987916815489
190,257,80,195,489862,0,23,9,9,0.8139490130087444,1.2685031031952845,0.00042656495867251094
191,257,68,193,489876,0,12,14,6,0.813045269965679,1.2671238462541405,0.00042609133549998475
192,257,57,192,489888,0,11,12,5,0.8113449321983485,1.264499134632338,0.00042520024220315817
193,256,45,194,489899,1,13,11,5,0.8088555540147436,1.2606412059470742,0.00042389563775614936
194,256,37,186,489915,0,8,16,2,0.8055884127944927,1.2555680476427726,0.00042054069518670725
195,255,31,181,489927,1,7,12,2,0.801558451465665,1.249303313125314,0.0004184369375955053
196,157,104,197,489936,0,25,9,10,0.796784204414301,1.2418762114789386,0.00041431985735071545
197,157,79,208,489950,0,25,14,7,0.7912877071184927,1.2333213712800122,0.00025333134177335645
198,157,63,204,489970,0,16,20,7,0.7850943898804511,1.223678679142619,0.0002513485467016946
199,157,52,199,489986,0,11,16,5,0.7782329561091239,1.2129930937487523,0.0002491518536302085
