Day,Susceptible,Exposed,Infected,Recovered,New_Exposed,New_Infections,New_Recoveries,Reported_Cases,Beta_Effective,Season_Index,Intervention_Flag,Quarantine_Fraction,Reporting_Prob,MultiWave_Flag,Rt
0,572330,143,985,1108,143,1,76,1,0.2723400252842612,1.0,0,0.5,0.696,0,3.3910081250803046
1,571153,291,917,2206,148,1,69,1,0.2726367136683754,1.0,0,0.5,0.6976134453781512,0,3.387721078594972
2,569985,437,854,3297,141,1,64,1,0.29052299678769905,1.0,0,0.5,0.6992268907563025,0,3.6025895748095658
3,568878,519,784,4393,82,1,71,1,0.24778758828959463,1.0,0,0.5,0.7008403361344536,0,3.0666875734470427
4,567738,646,721,5481,117,2,65,1,0.2716111282636177,1.0,0,0.5,0.702453781512605,0,3.354797950147716
5,566626,594,797,6571,91,145,69,102,0.30001074606474243,1.0,0,0.5,0.7040672268907562,0,3.6983171834274784
6,565467,586,883,7654,140,150,64,116,0.2895889448500449,1.0,0,0.5,0.7056806722689075,0,3.562542790578967
7,564332,570,963,8739,118,148,68,114,0.271844680584104,1.0,0,0.5,0.7072941176470587,0,3.337539100958738
8,563198,616,977,9824,119,84,70,59,0.2509128721497949,1.0,0,0.5,0.7089075630252101,0,3.074361207370363
9,562043,640,1034,10909,142,129,72,103,0.2613715502003877,1.0,0,0.5,0.7105210084033613,0,3.1959406287642937
10,560874,707,1052,11995,158,93,75,62,0.2866450714079416,1.0,0,0.5,0.7121344537815125,0,3.4976845043828337
11,559727,722,1114,13083,139,142,80,108,0.2676369602437074,1.0,0,0.5,0.7137478991596639,0,3.2590662685320555
12,558602,710,1148,14188,118,132,98,99,0.23204466285128042,1.0,0,0.5,0.715361344537815,0,2.819972778494403
13,557480,699,1176,15295,117,130,102,91,0.2503316095123335,1.0,0,0.5,0.7169747899159663,0,3.0360983019966343
14,556341,692,1213,16413,137,153,116,113,0.25499105020488705,1.0,0,0.5,0.7185882352941175,0,3.086290843116903
15,555197,682,1286,17500,144,160,87,122,0.24963755359865686,1.0,0,0.5,0.7202016806722689,0,3.015281579223271
16,554026,699,1324,18618,172,157,119,112,0.26457469640182574,1.0,0,0.5,0.7218151260504201,0,3.1889616655364907
17,552887,723,1329,19730,142,120,115,88,0.23040852978412427,1.0,0,0.5,0.7234285714285714,0,2.7714418909687137
18,551734,781,1361,20811,159,119,87,91,0.24583737345737786,1.0,0,0.5,0.7250420168067226,0,2.9508592893565764
19,550574,814,1396,21914,168,146,111,103,0.26481135591776994,1.0,0,0.5,0.7266554621848739,0,3.171926750521487
20,549410,851,1409,23041,174,150,137,113,0.2356519279267943,1.0,0,0.5,0.7282689075630252,0,2.816685791038874
21,548247,858,1447,24165,175,174,136,127,0.2702653979807995,1.0,0,0.5,0.7298823529411763,0,3.223573347810504
22,547098,885,1472,25270,163,144,119,107,0.24455064700092308,1.0,0,0.5,0.7314957983193277,0,2.910749216209459
23,545948,876,1524,26379,166,177,125,127,0.2596152263792451,1.0,0,0.5,0.7331092436974789,0,3.0835591623945096
24,544762,919,1595,27468,205,179,108,133,0.2804409495116059,1.0,0,0.5,0.7347226890756302,0,3.323679055847499
25,543587,929,1621,28609,195,187,161,143,0.2635451319422783,1.0,0,0.5,0.7363361344537814,0,3.116699321162689
26,542429,942,1674,29715,180,181,128,140,0.25787353503655863,1.0,0,0.5,0.7379495798319328,0,3.0431301013885603
27,541247,980,1690,30845,207,171,155,125,0.25948815207989157,1.0,0,0.5,0.739563025210084,0,3.055511209540806
28,540105,983,1708,31968,169,168,150,125,0.2098020431477296,1.0,0,0.5,0.7411764705882353,0,2.465237451687461
29,538929,984,1794,33076,204,222,136,162,0.23939451400732356,1.0,0,0.5,0.7427899159663865,0,2.806833126788372
30,537735,1014,1829,34207,225,197,162,144,0.26892798082729147,1.0,0,0.5,0.7444033613445377,0,3.1461189719649556
31,536548,1042,1870,35327,220,194,153,150,0.27606099348910784,1.0,0,0.5,0.746016806722689,0,3.2224372772139325
32,535335,1087,1935,36436,248,209,144,148,0.2743955513070275,1.0,0,0.5,0.7476302521008402,0,3.195755538079842
33,534110,1180,1954,37551,262,171,152,138,0.27278556515032026,1.0,0,0.5,0.7492436974789916,0,3.1697348907964624
34,532870,1252,2005,38684,279,223,172,163,0.3032331313052485,1.0,0,0.5,0.7508571428571428,0,3.5153515850823616
35,531650,1289,2043,39831,262,227,189,166,0.29022959911300267,1.0,0,0.5,0.7524705882352941,0,3.35689970604779
36,530440,1323,2107,40945,254,222,158,164,0.271857975236373,1.0,0,0.5,0.7540840336134453,0,3.1372504500009075
37,529220,1347,2161,42099,266,254,200,196,0.30478157195475647,1.0,0,0.5,0.7556974789915967,0,3.5091004392430842
38,527938,1415,2271,43205,330,264,154,204,0.33442383562247724,1.0,0,0.5,0.7573109243697479,0,3.841059125835619
39,526695,1416,2345,44375,294,295,221,233,0.2782079669463424,1.0,0,0.5,0.758924369747899,0,3.187862668949636
40,525480,1435,2412,45519,268,264,197,192,0.28032944435948326,1.0,0,0.5,0.7605378151260503,0,3.2047617854816526
41,524173,1550,2508,46624,362,256,160,208,0.30943102710712284,1.0,0,0.5,0.7621512605042016,0,3.528656239325009
42,522916,1593,2610,47743,314,278,176,216,0.2792509503290719,1.0,0,0.5,0.7637647058823529,0,3.1768553153750436
43,521608,1636,2726,48899,368,332,216,252,0.2851853553673812,1.0,0,0.5,0.7653781512605041,0,3.236251834920091
44,520259,1761,2837,50022,411,296,185,218,0.3209828371263621,1.0,0,0.5,0.7669915966386555,0,3.633057396911664
45,518981,1822,2908,51170,342,283,212,212,0.25617250961482,1.0,0,0.5,0.7686050420168067,0,2.8923765198978555
46,517605,1896,3025,52357,443,371,254,286,0.34112878683336406,1.0,0,0.5,0.770218487394958,0,3.8413836056164965
47,516296,1970,3080,53554,378,321,266,240,0.26755263888751935,1.0,0,0.5,0.7718319327731092,0,3.0052378157186457
48,514936,2041,3208,54729,432,375,247,291,0.3333874038593173,1.0,0,0.5,0.7734453781512604,0,3.73485106545172
49,513519,2116,3357,55927,491,421,272,320,0.3178832828842694,1.0,0,0.5,0.7750588235294117,0,3.5513628906965953
50,512128,2249,3435,57117,467,344,266,277,0.3185607437740229,1.0,0,0.5,0.7766722689075629,0,3.549291128669141
51,510744,2270,3625,58293,463,445,255,336,0.3032921312737215,1.0,0,0.5,0.7782857142857142,0,3.370041603109866
52,509288,2430,3719,59512,538,395,301,298,0.31955063425408625,1.0,0,0.5,0.7798991596638655,0,3.5405764234245707
53,507852,2506,3888,60705,520,446,277,339,0.3275590739279836,1.0,0,0.5,0.7815126050420168,0,3.619075535676432
54,506449,2502,4080,61922,490,496,304,391,0.2865224714741726,1.0,0,0.5,0.783126050420168,0,3.156932182512493
55,505009,2572,4284,63105,530,477,273,374,0.2991061847624649,1.0,0,0.5,0.7847394957983194,0,3.2862103343552866
56,503466,2758,4425,64339,634,466,325,374,0.32129881290103285,1.0,0,0.5,0.7863529411764706,0,3.5192499572727063
57,502041,2725,4633,65591,520,555,347,427,0.285509684081658,1.0,0,0.5,0.7879663865546217,0,3.118393204120501
58,500446,2897,4771,66878,692,522,384,422,0.3361878072628821,1.0,0,0.5,0.789579831932773,0,3.660243910468796
59,498852,3105,4843,68198,694,492,420,400,0.32539590647257244,1.0,0,0.5,0.7911932773109243,0,3.5314629053208884
60,497391,3124,4959,69526,564,547,431,452,0.26890849289544394,1.0,0,0.5,0.7928067226890756,0,2.9098679912141745
61,495877,3105,5193,70838,620,652,418,513,0.28278521970401255,1.0,0,0.5,0.7944201680672268,0,3.0507141574749292
62,494300,3287,5303,72141,686,522,412,417,0.3096170843382166,1.0,0,0.5,0.7960336134453782,0,3.3295563771805727
63,492710,3298,5518,73509,701,694,479,561,0.2819743493427342,1.0,0,0.5,0.7976470588235294,0,3.022538391319053
64,491020,3404,5783,74830,804,700,435,574,0.32661062204005553,1.0,0,0.5,0.7992605042016807,0,3.4889948838275058
65,489387,3590,5906,76156,750,566,443,449,0.309813731813188,1.0,0,0.5,0.8008739495798319,0,3.2985565769508374
66,487862,3617,6084,77491,645,633,455,501,0.26443564284895926,1.0,0,0.5,0.802487394957983,0,2.8066472372921027
67,486285,3615,6281,78875,700,704,507,581,0.2751724731041838,1.0,0,0.5,0.8041008403361344,0,2.9111642304062206
68,484387,3937,6448,80287,1024,705,538,551,0.38155897008681605,1.0,0,0.5,0.8057142857142856,0,4.020915928646946
69,482725,3924,6654,81758,791,806,600,651,0.3034716090719252,1.0,0,0.5,0.8073277310924369,0,3.187048734460964
70,480942,4092,6883,83149,915,752,523,611,0.32936510862263,1.0,0,0.5,0.8089411764705882,0,3.446205261179869
71,479309,4206,7024,84532,769,660,519,537,0.27084070292918344,1.0,0,0.5,0.8105546218487395,0,2.824231951134423
72,477475,4478,7087,86033,972,702,639,555,0.32371024809245197,1.0,0,0.5,0.8121680672268907,0,3.3626210852545735
73,475769,4308,7605,87400,848,1027,509,834,0.28524427108365635,1.0,0,0.5,0.8137815126050421,0,2.9524592867908788
74,474016,4415,7807,88846,898,793,591,659,0.2995172811771336,1.0,0,0.5,0.8153949579831933,0,3.0887711476173316
75,472268,4392,8108,90318,895,920,619,735,0.2890956241221131,1.0,0,0.5,0.8170084033613444,0,2.9703038866991136
76,470432,4623,8228,91821,987,774,654,627,0.2928720793558539,1.0,0,0.5,0.8186218487394957,0,2.9974066910517756
77,468631,4606,8546,93323,955,974,656,795,0.27796804408077025,1.0,0,0.5,0.820235294117647,0,2.833979673005131
78,466858,4688,8675,94894,930,857,728,706,0.2674779236233401,1.0,0,0.5,0.8218487394957983,0,2.7167119574579317
79,465023,4786,8881,96427,996,900,694,711,0.27036960139017624,1.0,0,0.5,0.8234621848739495,0,2.7352885040696857
80,463305,4772,8989,98053,881,897,789,732,0.24028716450807533,1.0,0,0.5,0.8250756302521008,0,2.4219680269511246
81,461472,4786,9161,99719,1000,1005,833,818,0.2925836671906013,1.0,0,0.5,0.8266890756302521,0,2.937421572532724
82,459756,4718,9279,101387,887,957,839,791,0.2409112883677877,1.0,0,0.5,0.8283025210084034,0,2.4096579650435674
83,457919,4802,9553,102879,1010,939,665,778,0.2673688501060268,1.0,0,0.5,0.8299159663865546,0,2.663608044166058
84,456113,4789,9683,104570,983,998,868,838,0.26212649424824885,1.0,0,0.5,0.8315294117647057,0,2.6010830295756686
85,454182,5019,9672,106284,1111,883,894,732,0.2706366157433972,1.0,0,0.5,0.8331428571428571,0,2.674159568794819
86,452305,5069,9858,107934,1060,1019,833,863,0.27976679606320637,1.0,0,0.5,0.8347563025210083,0,2.7529505080662884
87,450367,5307,9886,109608,1125,889,861,742,0.28571736576400114,1.0,0,0.5,0.8363697478991596,0,2.799458565763575
88,448469,5378,10050,111277,1088,1023,859,859,0.28546256667941067,1.0,0,0.5,0.8379831932773109,0,2.785174693379962
89,446796,5262,10184,112934,867,985,851,824,0.22247446600622878,1.0,0,0.5,0.8395966386554622,0,2.1625208095193535
90,444781,5376,10454,114580,1212,1113,843,936,0.29519222213646495,1.0,0,0.5,0.8412100840336134,0,2.8564194598104438
91,443038,5252,10468,116435,943,1069,1055,898,0.24994622916642123,1.0,0,0.5,0.8428235294117647,0,2.409119888033402
92,441368,5001,10718,118109,873,1127,877,944,0.2217457372187319,1.0,0,0.5,0.844436974789916,0,2.129251532567187
93,439626,4858,10891,119823,949,1094,921,920,0.23672626525615242,1.0,0,0.5,0.8460504201680671,0,2.2641263627592454
94,437700,5126,10748,121626,1135,869,1012,750,0.280367911439782,1.0,0,0.5,0.8476638655462184,0,2.6697813745440593
95,435867,4953,11025,123363,1046,1227,950,1054,0.25749735508046484,1.0,0,0.5,0.8492773109243696,0,2.441729823145705
96,433823,5281,11172,124944,1261,945,798,801,0.2932636655720095,1.0,0,0.5,0.850890756302521,0,2.767844438606726
97,432100,5357,11025,126747,943,876,1023,750,0.22340164320059355,1.0,0,0.5,0.8525042016806722,0,2.100107255640712
98,430546,5185,11152,128348,777,951,824,796,0.1832908128414741,1.0,0,0.5,0.8541176470588235,0,1.716845054642323
99,428797,5025,11428,129983,975,1137,861,973,0.24321497103665596,1.0,0,0.5,0.8557310924369748,0,2.268887113198789
100,426898,5113,11384,131852,1128,1054,1098,889,0.26261056625574264,1.0,0,0.5,0.8573445378151261,0,2.43897395232576
101,425174,4801,11652,133624,957,1273,1005,1094,0.23170784766563926,1.0,0,0.5,0.8589579831932773,0,2.143276923050275
102,423318,4957,11692,135301,1091,952,912,839,0.2475914529116152,1.0,0,0.5,0.8605714285714284,0,2.280201514703278
103,421515,5231,11325,137208,1042,779,1146,682,0.23571159398040914,1.0,0,0.5,0.8621848739495798,0,2.1615477042774134
104,419737,5277,11247,139021,1020,977,1055,856,0.24080675124240486,1.0,0,0.5,0.863798319327731,0,2.1989571098620977
105,417974,5159,11532,140633,1008,1142,857,1010,0.2592833360348558,1.0,0,0.5,0.8654117647058823,0,2.3577335265773414
106,416362,5076,11466,142411,861,961,1027,829,0.20897898391592845,1.0,0,0.5,0.8670252100840335,0,1.892973547405511
107,414639,4945,11544,144189,975,1108,1030,965,0.22120401353798194,1.0,0,0.5,0.8686386554621849,0,1.9954185115995426
108,412798,4989,11501,146031,1095,1053,1096,927,0.2668922871074698,1.0,0,0.5,0.8702521008403361,0,2.396869856617383
109,411104,4927,11485,147812,952,1023,1039,900,0.226524169764672,1.0,0,0.5,0.8718655462184874,0,2.025989058830065
110,409306,4969,11576,149484,1059,1024,933,891,0.2561654348720974,1.0,0,0.5,0.8734789915966387,0,2.281074584375978
111,407595,5077,11545,151129,975,878,909,773,0.2363849842076589,1.0,0,0.5,0.8750924369747898,0,2.0961365911193846
112,405998,4970,11442,152942,864,977,1080,871,0.2205650855723964,1.0,0,0.5,0.8767058823529411,0,1.948190883803873
113,404310,4845,11657,154553,959,1097,882,958,0.2344792508391053,1.0,0,0.5,0.8783193277310923,0,2.0624800045851788
114,402462,5007,11549,156349,1121,961,1069,846,0.26781126252771525,1.0,0,0.5,0.8799327731092437,0,2.344901280521554
115,400700,4986,11703,157984,1039,1066,912,928,0.2710109036479311,1.0,0,0.5,0.8815462184873949,0,2.362527936171843
116,399086,4911,11655,159738,894,986,1034,871,0.2208525829745986,1.0,0,0.5,0.8831596638655462,0,1.9175196437522442
117,397474,4937,11515,161466,894,870,1010,771,0.22265857227426783,1.0,0,0.5,0.8847731092436975,0,1.9253912385052676
118,395877,4856,11588,163079,883,972,899,856,0.22378310713784366,1.0,0,0.5,0.8863865546218488,0,1.9273403597592993
119,394263,4638,11620,164881,903,1123,1091,982,0.2243309052551082,1.0,0,0.5,0.888,0,1.9241812436059178
