Day,Susceptible,Exposed,Infected,Recovered,New_Exposed,New_Infections,New_Recoveries,Reported_Cases,Beta_Effective,Season_Index,Intervention_Flag,Quarantine_Fraction,Reporting_Prob,MultiWave_Flag,Rt
0,864384,976,2516,9684,976,0,237,0,0.37026654441681256,1.0,0,0.0,0.48,0,4.558840374578121
1,854041,1983,2306,19229,1009,1,211,0,0.38859021637527275,1.0,0,0.0,0.48361344537815126,0,4.72719781244807
2,843841,2958,2128,28631,977,1,179,0,0.40882543715031006,1.0,0,0.0,0.4872268907563025,0,4.913961234991835
3,834034,3662,1999,37874,694,1,130,1,0.3320039569905628,1.0,0,0.0,0.49084033613445377,0,3.9442116246277616
4,824342,3377,2806,47050,685,976,169,467,0.3806816719263744,1.0,0,0.0,0.49445378151260505,0,4.469949217135172
5,814306,3516,3581,56186,1134,1009,234,519,0.4349709932490012,1.0,0,0.0,0.4980672268907563,0,5.045231802221802
6,804332,3720,4355,65182,1181,977,203,502,0.37642178716451125,1.0,0,0.0,0.5016806722689076,0,4.312640858083858
7,794377,4299,4793,74135,1270,706,268,353,0.32830740171251654,1.0,0,0.0,0.5052941176470588,0,3.7148435555714676
8,784165,5242,5138,83059,1634,691,346,332,0.3723792043019542,1.0,0,0.0,0.5089075630252101,0,4.1593557526186515
9,774227,5564,5911,91902,1470,1148,375,595,0.3199856320426034,1.0,0,0.0,0.5125210084033613,0,3.528840135424482
10,764169,6093,6690,100665,1697,1181,402,600,0.33439988108883545,1.0,0,0.0,0.5161344537815126,0,3.639893892323236
11,753733,6991,7500,109393,2183,1285,475,633,0.3667421614351615,1.0,0,0.0,0.5197478991596638,0,3.9374183754530825
12,743061,7901,8549,118117,2533,1634,585,852,0.40650902001794437,1.0,0,0.0,0.5233613445378151,0,4.302569039774399
13,732448,9020,9285,126875,2589,1470,734,742,0.3554249730580172,1.0,0,0.0,0.5269747899159664,0,3.708155434762275
14,721893,9955,10136,135644,2645,1710,859,923,0.3471725159952091,1.0,0,0.0,0.5305882352941176,0,3.5698614494924774
15,711639,10232,11576,144182,2459,2183,743,1127,0.29911153327994205,1.0,0,0.0,0.5342016806722689,0,3.031978332418933
16,700847,10802,13200,152787,3107,2544,920,1389,0.3260184213860309,1.0,0,0.0,0.5378151260504201,0,3.2546069866039873
17,689785,11706,14858,161287,3493,2589,931,1351,0.3402225237915624,1.0,0,0.0,0.5414285714285714,0,3.342796982165933
18,678589,12809,16346,169893,3747,2645,1157,1446,0.33066445524463645,1.0,0,0.0,0.5450420168067227,0,3.1961527134897127
19,667392,14218,17446,178581,3869,2460,1360,1340,0.3045462055997627,1.0,0,0.0,0.5486554621848739,0,2.895125422302134
20,655910,15394,19221,187127,4275,3114,1339,1684,0.3143007914176169,1.0,0,0.0,0.5522689075630252,0,2.9364520958499862
21,643911,16817,21464,195460,4916,3493,1250,1938,0.3478245310689208,1.0,0,0.0,0.5558823529411765,0,3.1902098093737155
22,631783,18244,23953,203672,5175,3748,1259,2082,0.3279148833976738,1.0,0,0.0,0.5594957983193277,0,2.950952766443783
23,619614,19729,26127,212189,5347,3869,1695,2204,0.3153306653076982,1.0,0,0.0,0.563109243697479,0,2.783047524584702
24,607170,21192,28811,220486,5753,4290,1606,2384,0.3168839531211669,1.0,0,0.0,0.5667226890756303,0,2.740587962882579
25,594639,22262,31991,228779,5974,4916,1736,2819,0.3060884533181987,1.0,0,0.0,0.5703361344537815,0,2.5925881391682672
26,582325,22980,34940,237426,5893,5175,2226,2993,0.2768579807723522,1.0,0,0.0,0.5739495798319327,0,2.2964430302950793
27,568271,25398,37646,246362,7766,5354,2648,3095,0.344056995842025,1.0,0,0.0,0.5775630252100841,0,2.7849607588675327
28,553138,28646,41043,254855,8996,5753,2356,3408,0.3791557377164448,1.0,0,0.0,0.5811764705882353,0,2.9873377098004523
29,539240,30585,43660,264197,7925,5986,3369,3459,0.31459536610665473,1.0,0,0.0,0.5847899159663865,0,2.416393255437698
30,523873,34249,45615,273958,9544,5893,3938,3445,0.364838327365043,1.0,0,0.0,0.5884033613445379,0,2.7224484518395773
31,509698,34995,50025,282977,8518,7772,3362,4642,0.3141390522377531,1.0,0,0.0,0.5920168067226891,0,2.2806994200892006
32,494969,35233,54641,292866,9225,9001,4385,5340,0.33088315976092525,1.0,0,0.0,0.5956302521008403,0,2.3328448582391146
33,479254,37688,58784,301993,10370,7925,3782,4729,0.3388155531011057,1.0,0,0.0,0.5992436974789916,0,2.3129288750330077
34,462892,39318,64554,310955,11187,9557,3787,5701,0.35721601014483995,1.0,0,0.0,0.6028571428571429,0,2.3552867235283808
35,444739,43968,68342,320683,13155,8518,4730,5251,0.3952409146031886,1.0,0,0.0,0.6064705882352941,0,2.503803858421468
36,429934,44737,72867,330199,10003,9239,4714,5591,0.29823855769925295,1.0,0,0.0,0.6100840336134454,0,1.8264120981168042
37,416863,42785,77844,340245,8428,10380,5403,6416,0.2421833870138488,1.0,0,0.0,0.6136974789915967,0,1.4380397531330342
38,402370,41597,82642,351135,9992,11187,6389,6866,0.28063519175669677,1.0,0,0.0,0.6173109243697479,0,1.6084253798478463
39,387110,39344,89960,361330,10915,13168,5850,8107,0.2961175693347036,1.0,0,0.0,0.6209243697478992,0,1.6327953681964356
40,371142,41124,92460,373018,11788,10008,7508,6302,0.3048010189079254,1.0,0,0.0,0.6245378151260504,0,1.6113493629997555
41,355692,44150,93934,383979,11443,8428,6954,5296,0.3009152360404273,1.0,0,0.0,0.6281512605042017,0,1.5245843893536009
42,340330,45672,96967,394786,11521,9999,6966,6325,0.30577044006952386,1.0,0,0.0,0.631764705882353,0,1.4822754835689447
43,323801,47626,100436,405906,12855,10915,7446,6956,0.35381902237026386,1.0,0,0.0,0.6353781512605042,0,1.6318962985794963
44,310331,45812,105179,416447,9974,11788,7045,7523,0.276417402797058,1.0,0,0.0,0.6389915966386555,0,1.221866439722267
45,296635,44718,109207,427223,10346,11454,7426,7403,0.28440848855833645,1.0,0,0.0,0.6426050420168068,0,1.2017057523631165
46,283636,42993,114967,436187,9796,11521,5761,7332,0.2701150757337373,1.0,0,0.0,0.646218487394958,0,1.0912980255027334
47,270495,40213,119861,447224,10079,12869,7975,8393,0.27638494401232433,1.0,0,0.0,0.6498319327731092,0,1.064895070288836
48,255887,41927,121284,458695,11688,9974,8551,6524,0.330881680693931,1.0,0,0.0,0.6534453781512606,0,1.2060189706078204
49,243717,40974,122519,470583,9407,10360,9125,6804,0.27527147807807917,1.0,0,0.0,0.6570588235294118,0,0.9556090014180686
50,230615,41664,122911,482618,10471,9796,9404,6470,0.3163344726677291,1.0,0,0.0,0.660672268907563,0,1.039123741030077
51,217702,42001,123143,494965,10423,10089,9857,6741,0.3375580614537333,1.0,0,0.0,0.6642857142857143,0,1.0467527162615753
52,204808,40861,125941,506205,10544,11688,8890,7749,0.35266854950045373,1.0,0,0.0,0.6678991596638656,0,1.028837633410948
53,195137,38928,127247,516517,7460,9407,8101,6335,0.2650063934473611,1.0,0,0.0,0.6715126050420168,0,0.7365956828897411
54,183878,37601,128463,527893,9153,10486,9270,7091,0.33657827337862556,1.0,0,0.0,0.675126050420168,0,0.8815542491726336
55,172784,36284,130406,538361,9109,10426,8483,7088,0.3505955145299417,1.0,0,0.0,0.6787394957983193,0,0.8628654363026667
56,162900,33763,132229,548951,8019,10548,8725,7182,0.32241785985704396,1.0,0,0.0,0.6823529411764706,0,0.7481236236085348
57,153579,33852,129794,560618,7563,7474,9909,5091,0.31803948451362946,1.0,0,0.0,0.6859663865546218,0,0.6957385533769586
58,144863,31752,129719,571509,7059,9159,9234,6279,0.3252312309962132,1.0,0,0.0,0.6895798319327731,0,0.671093312933082
59,136173,29772,128552,583349,7126,9109,10276,6307,0.3362334808096266,1.0,0,0.0,0.6931932773109244,0,0.6521765147438535
60,127917,28531,126445,594953,6786,8027,10134,5549,0.3530836728095027,1.0,0,0.0,0.6968067226890756,0,0.643337836939542
61,121925,25592,126568,603774,4611,7563,7440,5358,0.25451442188144874,1.0,0,0.0,0.7004201680672268,0,0.44201637050309434
62,116417,22725,125656,613061,4192,7059,7971,5015,0.24761905763552355,1.0,0,0.0,0.7040336134453782,0,0.4106139157544035
63,110769,20001,122971,624132,4391,7129,9814,5075,0.2650358383044856,1.0,0,0.0,0.7076470588235294,0,0.4181730419166434
64,104653,18140,121695,633390,4920,6786,8062,4836,0.3235747099435719,1.0,0,0.0,0.7112605042016806,0,0.4823468497841263
65,99822,17218,117980,642858,3702,4624,8339,3296,0.2606845256557804,1.0,0,0.0,0.714873949579832,0,0.3706591389764134
66,94401,17372,112875,653232,4344,4192,9297,2947,0.3379963848978944,1.0,0,0.0,0.7184873949579832,0,0.4544873958866933
67,89148,17202,109731,661799,4235,4405,7549,3173,0.3596935932151315,1.0,0,0.0,0.7221008403361344,0,0.4567488896477527
68,85232,15231,107090,670327,2954,4925,7566,3547,0.2828868069539752,1.0,0,0.0,0.7257142857142858,0,0.3434381741747176
69,81604,14241,102911,679127,2709,3702,7881,2746,0.26138950246442233,1.0,0,0.0,0.729327731092437,0,0.30383148957203376
70,77628,12990,99096,688169,3095,4346,8161,3185,0.33829478583524675,1.0,0,0.0,0.7329411764705882,0,0.3740648450649889
71,74010,11536,95661,696676,2781,4235,7670,3136,0.315992606897271,1.0,0,0.0,0.7365546218487395,0,0.3331198555720838
72,70752,11051,91266,704824,2459,2954,7349,2191,0.30188989543642114,1.0,0,0.0,0.7401680672268908,0,0.3042429275764288
73,67488,10839,87688,711878,2500,2712,6290,2014,0.35806903005869795,1.0,0,0.0,0.743781512605042,0,0.3442124000154036
74,64495,10009,84554,718835,2265,3095,6229,2350,0.33999994246298587,1.0,0,0.0,0.7473949579831933,0,0.31234753591136605
75,62131,8902,81582,725283,1669,2781,5753,2062,0.28359426972600665,1.0,0,0.0,0.7510084033613446,0,0.25097992690452103
76,59708,8201,79140,730864,1753,2469,4911,1892,0.3116697884765817,1.0,0,0.0,0.7546218487394958,0,0.265069905908994
77,57339,7426,75781,737367,1725,2500,5859,1871,0.315206703875691,1.0,0,0.0,0.7582352941176471,0,0.2574416164354609
78,55245,6636,73159,742873,1475,2265,4887,1741,0.3042890182974426,1.0,0,0.0,0.7618487394957983,0,0.2394486817972876
79,53377,6247,69687,748614,1273,1674,5146,1292,0.2782102058986008,1.0,0,0.0,0.7654621848739496,0,0.21152437098673618
80,51513,5767,66997,753648,1288,1768,4458,1339,0.30091096940288586,1.0,0,0.0,0.7690756302521009,0,0.22079440105022533
81,49738,5268,63518,759408,1219,1725,5204,1321,0.31205195283241466,1.0,0,0.0,0.7726890756302521,0,0.22107947077662268
82,48142,4853,61014,763923,1060,1475,3979,1146,0.30338792330284653,1.0,0,0.0,0.7763025210084034,0,0.20804419930895945
83,46833,4362,58001,768740,790,1285,4298,987,0.25405481009425446,1.0,0,0.0,0.7799159663865547,0,0.1694777126513318
84,45564,3851,55404,773129,765,1288,3885,1005,0.2662615057087045,1.0,0,0.0,0.7835294117647059,0,0.1728078314604046
85,44219,3479,53198,777052,854,1226,3432,960,0.3052335678637292,1.0,0,0.0,0.7871428571428571,0,0.1922535658155317
86,43041,3135,50992,780795,701,1060,3266,838,0.27938994676159523,1.0,0,0.0,0.7907563025210085,0,0.17128775665717758
87,41989,2929,48468,784577,588,794,3318,621,0.2525445338201954,1.0,0,0.0,0.7943697478991597,0,0.15104511985756225
88,40931,2768,46549,787725,606,777,2696,634,0.28800971469808767,1.0,0,0.0,0.7979831932773109,0,0.16791623410803
89,39889,2515,44749,790820,601,854,2654,670,0.30335375815881793,1.0,0,0.0,0.8015966386554623,0,0.17235969704631435
90,38842,2416,42282,794433,617,716,3183,576,0.30492365555984086,1.0,0,0.0,0.8052100840336135,0,0.16870420012955437
91,37952,2314,39397,798325,471,588,3473,479,0.26479830035500684,1.0,0,0.0,0.8088235294117647,0,0.14314726478920559
92,37009,2232,37828,800919,534,616,2185,486,0.30814843643381795,1.0,0,0.0,0.812436974789916,0,0.16244281707204022
93,36119,2122,35806,803941,491,601,2623,489,0.31441453789507595,1.0,0,0.0,0.8160504201680673,0,0.161760145947745
94,35324,1919,34158,806595,406,617,2265,500,0.29830254809197904,1.0,0,0.0,0.8196638655462185,0,0.15009285987284443
95,34572,1805,32223,809396,372,486,2421,393,0.2858732582643425,1.0,0,0.0,0.8232773109243698,0,0.14077684552501893
96,33838,1640,30466,812059,362,534,2291,449,0.2922232984204636,1.0,0,0.0,0.8268907563025211,0,0.1408486595211673
97,33099,1531,29047,814334,374,491,1910,408,0.33312421793769414,1.0,0,0.0,0.8305042016806723,0,0.15705590628446686
98,32439,1422,27343,816809,303,414,2118,344,0.28507577989484373,1.0,0,0.0,0.8341176470588236,0,0.13172280562025437
99,31809,1344,25938,818936,280,372,1777,329,0.2809120836301519,1.0,0,0.0,0.8377310924369747,0,0.12727808452116524
100,31208,1245,24803,820782,259,369,1504,306,0.28026076920146226,1.0,0,0.0,0.8413445378151261,0,0.12458376186869323
101,30597,1138,23234,823069,275,382,1951,319,0.32348752335301956,1.0,0,0.0,0.8449579831932774,0,0.1409839177952553
102,30013,1101,21958,824980,254,305,1581,245,0.3122068944188302,1.0,0,0.0,0.8485714285714285,0,0.13347043965928757
103,29447,1049,20957,826599,242,294,1295,250,0.348059568992778,1.0,0,0.0,0.8521848739495799,0,0.14599158644608823
104,28947,967,20216,827927,183,270,1011,234,0.2641794879296488,1.0,0,0.0,0.8557983193277312,0,0.10892707673976057
105,28438,906,19043,829687,197,275,1448,235,0.313973533022918,1.0,0,0.0,0.8594117647058823,0,0.12718189257865192
106,27959,811,17849,831455,173,268,1462,233,0.3032403284546711,1.0,0,0.0,0.8630252100840337,0,0.12076519473403739
107,27521,714,16918,832929,137,242,1173,199,0.2695068679646019,1.0,0,0.0,0.866638655462185,0,0.10564945008395163
108,27057,693,15951,834381,167,188,1155,162,0.3307082115975939,1.0,0,0.0,0.8702521008403361,0,0.12745527487003877
109,26610,640,15216,835621,156,214,949,189,0.3339946039301346,1.0,0,0.0,0.8738655462184874,0,0.12659528138504605
110,26219,571,14212,837085,104,173,1177,150,0.2762577598556597,1.0,0,0.0,0.8774789915966387,0,0.10317246407162389
111,25816,547,13428,838296,121,145,929,130,0.29156794635409955,1.0,0,0.0,0.8810924369747899,0,0.10721657355447824
112,25429,492,12688,839481,109,167,907,152,0.2939063883533979,1.0,0,0.0,0.8847058823529412,0,0.10645633274987686
113,25066,431,12034,840570,89,161,815,147,0.26014006143719753,1.0,0,0.0,0.8883193277310925,0,0.09288069733102
114,24695,428,11242,841736,101,104,896,91,0.25844563421973343,1.0,0,0.0,0.8919327731092437,0,0.09090995112949994
115,24336,400,10679,842686,93,121,684,115,0.2734779253309675,1.0,0,0.0,0.895546218487395,0,0.09479919878490395
116,23993,379,10047,843692,81,112,744,104,0.24343147574957696,1.0,0,0.0,0.8991596638655462,0,0.08319447384879097
117,23672,342,9513,844584,63,100,634,91,0.2517336963974393,1.0,0,0.0,0.9027731092436975,0,0.084880806741422
118,23339,332,8807,845646,78,101,807,94,0.3036536296182866,1.0,0,0.0,0.9063865546218488,0,0.10094711560550264
119,23028,298,8353,846445,59,93,547,83,0.2840570873409673,1.0,0,0.0,0.91,0,0.09317406512500279
