Day,Susceptible,Exposed,Infected,Recovered,New_Exposed,New_Infections,New_Recoveries,Reported_Cases,Beta_Effective,Seasonality,Rt
0,210249,1167,4107,317,1165,0,317,0,0.5412932668543639,1.0,0.5301984577263896
1,209113,2099,3980,648,1136,204,331,41,0.5413075874631973,1.0,0.5272907410027418
2,208037,2798,4047,958,1076,377,310,63,0.5413241065829762,1.0,0.5244577317241909
3,206953,3398,4242,1249,1084,486,291,80,0.5413431616186425,1.0,0.521777478079196
4,205836,3955,4487,1567,1117,563,318,93,0.5413651417195084,1.0,0.5190797736000029
5,204634,4473,4820,1921,1202,687,354,103,0.5413904957025063,1.0,0.5163022918736324
6,203315,5066,5132,2337,1319,728,416,128,0.5414197411846108,1.0,0.5133150201427535
7,201918,5635,5564,2733,1397,828,396,157,0.5414534751076326,1.0,0.510038145699591
8,200448,6199,6020,3184,1470,907,451,137,0.5414923858658787,1.0,0.50657001811204
9,198866,6691,6654,3643,1582,1093,459,199,0.5415372672784154,1.0,0.5029237768670198
10,197137,7294,7241,4184,1729,1128,541,206,0.5415890346833346,1.0,0.49900223765664997
11,195311,7869,7928,4748,1826,1251,564,244,0.5416487434720895,1.0,0.4947182995666069
12,193311,8529,8676,5343,2000,1343,595,236,0.5417176104282467,1.0,0.4901982422481273
13,191126,9369,9355,6011,2185,1347,668,233,0.541797038287546,1.0,0.48524971167451425
14,188772,10296,10037,6758,2354,1429,747,236,0.5418886439956482,1.0,0.47984603717747687
15,186300,11117,10933,7514,2472,1652,756,278,0.5419942912071064,1.0,0.4740284210368326
16,183673,11882,11980,8330,2627,1863,816,329,0.542116127644594,1.0,0.4679261046719664
17,180782,12809,13018,9256,2891,1964,926,365,0.5422566280219238,1.0,0.46144748208689296
18,177690,13774,14186,10216,3092,2128,960,372,0.5424186433284156,1.0,0.45432003251604275
19,174439,14761,15417,11250,3251,2265,1034,414,0.5426054573761164,1.0,0.44670337809450666
20,170999,15690,16819,12359,3440,2511,1109,465,0.5428208516252494,1.0,0.43870461427856483
21,167287,16685,18210,13687,3712,2719,1328,490,0.5430691794267419,1.0,0.43024994029222585
22,163234,17938,19579,15118,4053,2800,1431,501,0.5433554509526651,1.0,0.4211320681414695
23,159093,19204,20994,16580,4141,2877,1462,521,0.5436854302239796,1.0,0.41117851127781524
24,155108,19924,22707,18134,3985,3267,1554,617,0.5440657457867943,1.0,0.40102786207460445
25,152870,18888,24221,19894,2238,3274,1760,624,0.5445040167283852,1.0,0.39129777438035185
26,150452,18089,25633,21702,2418,3220,1808,613,0.5450089958549578,1.0,0.3860095312055681
27,147902,17633,26650,23692,2550,3007,1990,584,0.5455907319638437,1.0,0.3803093839149001
28,145341,17311,27467,25761,2561,2886,2069,563,0.5462607532184816,1.0,0.37432267683410636
29,142697,17035,28232,27917,2644,2921,2156,580,0.5470322736545407,1.0,0.3683606115939946
30,140111,16768,28941,30062,2586,2854,2145,565,0.5479204247821349,1.0,0.3622466889756961
31,137443,16674,29470,32298,2668,2765,2236,531,0.5489425140653451,1.0,0.356345428461205
32,134799,16499,30058,34531,2644,2821,2233,588,0.5501183117079921,1.0,0.350308616258868
33,132094,16414,30554,36827,2705,2792,2296,561,0.5514703665916137,1.0,0.3444141158933225
34,129482,16287,30971,39149,2612,2739,2322,603,0.5530243513191645,1.0,0.33845383418653674
35,126830,16290,31284,41485,2652,2649,2336,544,0.5548094350181446,1.0,0.33283219481749926
36,124170,16242,31653,43825,2660,2709,2340,540,0.5568586807305492,1.0,0.3272194260373778
37,121467,16258,31973,46192,2703,2687,2367,539,0.559209461723133,1.0,0.32170905430073216
38,118854,16119,32292,48627,2613,2754,2435,569,0.561903887728886,1.0,0.31622225711304125
39,116307,15953,32512,51120,2547,2713,2493,563,0.5649892278040051,1.0,0.31111866159535034
40,113675,15953,32634,53631,2632,2633,2511,542,0.5685183109773372,1.0,0.3063531870886552
41,111053,15874,32792,56176,2622,2703,2545,554,0.5725498790256518,1.0,0.30154378514553026
42,108518,15707,32960,58712,2535,2704,2536,577,0.577148857430053,1.0,0.2969547163343789
43,106056,15580,33012,61249,2462,2589,2537,549,0.582386500870446,1.0,0.2928095066737973
44,103660,15345,33143,63750,2396,2632,2501,576,0.5883403586998371,1.0,0.28909193507292474
45,101170,15283,33223,66225,2490,2555,2475,553,0.595093994203713,1.0,0.2858043691989218
46,98720,15188,33253,68743,2450,2548,2518,583,0.6027363800044726,1.0,0.2825213334308717
47,96301,15125,33161,71318,2419,2483,2575,561,0.6113608821853892,1.0,0.2796242843676351
48,93913,14929,33132,73932,2388,2585,2614,579,0.6210637397356152,1.0,0.2771016188079925
49,91499,14787,33098,76523,2414,2557,2591,569,0.6319419466698278,1.0,0.27496346351246553
50,89132,14632,33162,78982,2367,2523,2459,564,0.6440904552820069,1.0,0.2730456757746474
51,86812,14483,33108,81506,2320,2470,2524,528,0.6575986445457803,1.0,0.27156053329652097
52,84419,14488,32952,84052,2393,2390,2546,509,0.6725460416709166,1.0,0.270504114055614
53,82149,14381,32793,86591,2270,2380,2539,544,0.688997350215165,1.0,0.2694820527794643
54,79858,14314,32622,89120,2291,2358,2529,539,0.7069969254741358,1.0,0.269086492789846
55,77705,14142,32431,91638,2153,2327,2518,529,0.7265629436283686,1.0,0.26882135468394935
56,75419,14003,32342,94154,2286,2427,2516,547,0.7476816262030276,1.0,0.2691768862021806
57,73197,13859,32161,96703,2222,2368,2549,532,0.7703019901528135,1.0,0.2691620835781236
58,70935,13701,32197,99090,2262,2423,2387,558,0.794331674670544,1.0,0.26938118214058604
59,68680,13646,32028,101569,2255,2310,2479,537,0.8196344236333717,1.0,0.26937225067149073
60,66564,13479,31795,104088,2116,2286,2519,517,0.8460297542173904,1.0,0.2692080334308619
61,64376,13441,31616,106496,2188,2229,2408,548,0.8732952031709816,1.0,0.2693224636249095
62,62223,13382,31403,108923,2153,2214,2427,534,0.9011713140322392,1.0,0.2687840163091737
63,60147,13293,31175,111319,2076,2168,2396,489,0.9293692333907372,1.0,0.2679238216128385
64,57968,13178,31048,113741,2179,2295,2422,562,0.9575804646057567,1.0,0.2668463950029302
65,55847,13098,30812,116181,2121,2204,2440,497,0.9854880389520572,1.0,0.26467429573093176
66,53714,13043,30652,118532,2133,2191,2351,534,1.012778163260629,1.0,0.2620512703213352
67,51726,12893,30401,120924,1988,2141,2392,512,1.0391513316843686,1.0,0.25860587398926127
68,49723,12741,30249,123234,2003,2158,2310,538,1.0643319628257872,1.0,0.2550692422517197
69,47723,12639,30076,125511,2000,2104,2277,532,1.0880758267538109,1.0,0.2506620443743907
70,45861,12391,29922,127777,1862,2112,2266,531,1.1101748177000468,1.0,0.2454659180732741
71,43970,12240,29637,130107,1891,2045,2330,487,1.1304589513941898,1.0,0.24019856545135213
72,42189,12009,29395,132364,1781,2015,2257,535,1.148795765546338,1.0,0.23402991971326867
73,40533,11687,29091,134647,1656,1979,2283,497,1.16508753564704,1.0,0.22773505148033696
74,38862,11314,28803,136979,1671,2044,2332,505,1.1792668640321773,1.0,0.221458796874583
75,37260,11091,28414,139196,1602,1828,2217,490,1.1912912566748923,1.0,0.21449402244692622
76,35780,10733,28108,141342,1480,1840,2146,477,1.2011372838795216,1.0,0.20735169524064795
77,34372,10354,27764,143474,1408,1788,2132,452,1.2087948509976878,1.0,0.2003849172467187
78,32957,10045,27372,145593,1415,1727,2119,423,1.2142620079750241,1.0,0.19337009117077406
79,31670,9774,26847,147679,1287,1561,2086,377,1.217540622712071,1.0,0.18591020257193694
80,30456,9345,26452,149720,1214,1646,2041,402,1.2186331470579772,1.0,0.17881055128071116
81,29302,8978,25849,151844,1154,1521,2124,400,1.217540622712071,1.0,0.1718020793619235
82,28178,8591,25375,153830,1124,1512,1986,399,1.2142620079750241,1.0,0.16484727136873098
83,27134,8257,24845,155738,1044,1378,1908,362,1.2087948509976878,1.0,0.15781012292280713
84,26155,7900,24299,157623,979,1339,1885,326,1.201137283879521,1.0,0.15100056088727154
85,25202,7472,23742,159563,953,1383,1940,353,1.1912912566748926,1.0,0.1443593010421326
86,24346,7032,23185,161419,856,1299,1856,355,1.1792668640321773,1.0,0.1376953247682935
87,23624,6600,22636,163124,722,1156,1705,310,1.16508753564704,1.0,0.1314190325283909
88,22851,6297,22011,164828,773,1079,1704,309,1.148795765546338,1.0,0.1257385222494032
89,21972,6125,21430,166463,879,1054,1635,288,1.1304589513941898,1.0,0.11968289874029889
90,21038,6072,20766,168117,934,990,1654,263,1.1101748177000468,1.0,0.11301421016922612
91,19905,6189,20177,169723,1133,1017,1606,283,1.0880758267538109,1.0,0.10605611265507776
92,18879,6168,19679,171270,1026,1049,1547,276,1.0643319628257872,1.0,0.098154762924264
93,17966,6088,19114,172829,913,994,1559,298,1.0391513316843684,1.0,0.09089288258262766
94,17126,5889,18679,174304,840,1040,1475,267,1.012778163260629,1.0,0.0843019879777447
95,16405,5675,18126,175794,721,937,1490,252,0.9854880389520572,1.0,0.07819507294866025
96,15685,5450,17656,177210,720,946,1416,259,0.9575804646057566,1.0,0.0727819360902966
97,15018,5245,17125,178616,667,875,1406,231,0.9293692333907372,1.0,0.06753748842063821
98,14506,4839,16697,179962,512,918,1346,243,0.9011713140322394,1.0,0.06270346646158773
99,14037,4491,16198,181280,469,819,1318,236,0.8732952031709816,1.0,0.05869226094199474
100,13555,4225,15703,182526,482,751,1246,193,0.8460297542173904,1.0,0.05502144969815096
101,13099,3974,15180,183759,456,710,1233,211,0.8196344236333717,1.0,0.05147446053220634
102,12729,3645,14732,184907,370,700,1148,214,0.794331674670544,1.0,0.04820722304000897
103,12372,3442,14135,186066,357,562,1159,164,0.7703019901528134,1.0,0.04542839552189681
104,12055,3139,13670,187151,317,620,1085,183,0.7476816262030276,1.0,0.042857685298158144
105,11795,2858,13165,188198,260,542,1047,144,0.7265629436283686,1.0,0.040580047468193665
106,11556,2646,12588,189227,239,452,1029,135,0.7069969254741358,1.0,0.03863559121177657
