Day,Susceptible,Exposed,Infected,Recovered,New_Exposed,New_Infections,New_Recoveries,Reported_Cases,Beta_Effective,Season_Index,Intervention_Flag,Quarantine_Fraction,Reporting_Prob,MultiWave_Flag,Rt
0,672768,674,4567,10767,666,1,304,0,0.2918167895826324,1.0,0,0.5,0.47,0,3.5629791695509594
1,661788,1361,4251,21386,687,10,326,3,0.29559828376621794,1.0,0,0.5,0.47159663865546214,0,3.550246255574778
2,651093,1265,4601,31837,570,676,326,313,0.2907573688811497,1.0,0,0.5,0.47319327731092437,0,3.435669964896228
3,640421,1292,4998,42098,711,697,300,345,0.3437563103926914,1.0,0,0.5,0.47478991596638653,0,3.995341676829715
4,629749,1604,5273,52201,874,580,305,276,0.37915380789883374,1.0,0,0.5,0.4763865546218487,0,4.333318295056286
5,619319,1698,5586,62246,796,724,411,345,0.3322828111849649,1.0,0,0.5,0.4779831932773109,0,3.734736462770815
6,608984,1676,6010,72189,860,892,468,439,0.348618671510543,1.0,0,0.5,0.4795798319327731,0,3.8529574052469213
7,598843,1700,6320,82013,825,818,508,376,0.30741375340202026,1.0,0,0.5,0.48117647058823526,0,3.3409805915593735
8,588928,1593,6685,91680,753,870,505,411,0.2801089677642518,1.0,0,0.5,0.48277310924369743,0,2.9938283586369794
9,579235,1446,7029,101187,684,842,498,423,0.23646982622307564,1.0,0,0.5,0.48436974789915965,0,2.485811598703248
10,569432,1635,7203,110637,942,763,589,344,0.3398383084388705,1.0,0,0.5,0.4859663865546218,0,3.5119787905591244
11,559754,1930,7257,119990,966,695,641,324,0.3340513401965975,1.0,0,0.5,0.487563025210084,0,3.3935019730984175
12,550131,2048,7607,129155,1060,952,602,495,0.38360001088756696,1.0,0,0.5,0.4891596638655462,0,3.8298556984725622
13,540727,2056,8058,138110,988,990,539,504,0.32696762305803856,1.0,0,0.5,0.4907563025210084,0,3.2086362643917323
14,531433,2019,8449,147061,1022,1070,679,549,0.3182541041454103,1.0,0,0.5,0.49235294117647055,0,3.0694475295765447
15,522261,2087,8916,155722,1042,998,531,514,0.3255599402783927,1.0,0,0.5,0.4939495798319328,0,3.08571802891496
16,513302,2037,9268,164393,969,1033,681,510,0.2962137304248895,1.0,0,0.5,0.49554621848739494,0,2.7594073949273965
17,504347,2083,9566,173014,1102,1066,768,527,0.3231935808487985,1.0,0,0.5,0.4971428571428571,0,2.9582157848798833
18,495604,2151,9707,181571,1028,983,842,471,0.2879165663047796,1.0,0,0.5,0.49873949579831933,0,2.5896384758364217
19,486981,2090,9985,189987,1041,1112,834,545,0.27985561677600324,1.0,0,0.5,0.5003361344537814,0,2.4733394622781515
20,478451,2132,10273,198200,1080,1051,763,572,0.28807616809777753,1.0,0,0.5,0.5019327731092437,0,2.5013961670374334
21,469921,2307,10525,206318,1211,1051,799,525,0.34828443080825794,1.0,0,0.5,0.5035294117647059,0,2.970274563274797
22,461776,2180,10877,214248,956,1093,741,521,0.26116823578805903,1.0,0,0.5,0.505126050420168,0,2.188715909176593
23,453823,1854,11274,222142,888,1226,829,627,0.231803250521575,1.0,0,0.5,0.5067226890756302,0,1.9091660634411334
24,445867,1912,11287,230037,1014,966,953,483,0.2926148827098724,1.0,0,0.5,0.5083193277310925,0,2.3677695053117143
25,437920,2148,11236,237809,1126,900,951,459,0.30189840513257554,1.0,0,0.5,0.5099159663865546,0,2.3993482116531695
26,430099,2263,11338,245430,1122,1024,922,524,0.33679177376113734,1.0,0,0.5,0.5115126050420168,0,2.628860795865863
27,422521,2136,11604,252879,999,1136,870,573,0.28714132509384926,1.0,0,0.5,0.513109243697479,0,2.2018193347673867
28,414844,2221,12015,260070,1214,1139,728,603,0.34861533753008567,1.0,0,0.5,0.5147058823529411,0,2.6246354188414016
29,407335,2389,12147,267293,1163,1009,877,535,0.3228550311507537,1.0,0,0.5,0.5163025210084033,0,2.3866952487886373
30,400256,2023,12440,274455,848,1224,931,619,0.24028291369302507,1.0,0,0.5,0.5178991596638656,0,1.7454138682441858
31,393000,1994,12559,281636,1133,1177,1058,606,0.3166019845330892,1.0,0,0.5,0.5194957983193277,0,2.2581036098111564
32,385807,2327,12724,288341,1181,858,693,448,0.3492528629128839,1.0,0,0.5,0.5210924369747899,0,2.4453879047963785
33,378846,2248,12904,295211,1059,1148,968,601,0.29717214058617164,1.0,0,0.5,0.5226890756302521,0,2.0431887120845795
34,371882,2236,12824,302278,1168,1191,1271,638,0.33819334726511635,1.0,0,0.5,0.5242857142857142,0,2.282484831003191
35,365102,2283,12938,308921,1092,1069,955,560,0.3193928182020378,1.0,0,0.5,0.5258823529411765,0,2.1162990661428394
36,358532,2099,13175,315448,985,1179,942,625,0.2923310655034446,1.0,0,0.5,0.5274789915966387,0,1.9021316638478796
37,352118,1939,13362,321862,929,1116,929,590,0.2818553184579558,1.0,0,0.5,0.5290756302521008,0,1.8011593729225284
38,345943,1749,13639,327967,788,995,718,563,0.23975653808738884,1.0,0,0.5,0.530672268907563,0,1.5052640453078754
39,339730,1724,13561,334293,921,956,1034,500,0.2689539987093789,1.0,0,0.5,0.5322689075630253,0,1.6582483986155205
40,333708,1770,13393,340463,825,805,973,418,0.2461585642598578,1.0,0,0.5,0.5338655462184874,0,1.4907995403748406
41,327368,2084,13195,346697,1235,931,1129,495,0.36422500104415934,1.0,0,0.5,0.5354621848739496,0,2.1639322539738464
42,321441,2174,12983,352768,919,851,1063,444,0.30422558232198177,1.0,0,0.5,0.5370588235294118,0,1.7747397778777174
43,315664,1799,13453,358460,860,1245,775,674,0.28776469866702303,1.0,0,0.5,0.5386554621848739,0,1.6485429005749979
44,309774,1929,13202,364481,1061,941,1192,487,0.353509323621419,1.0,0,0.5,0.5402521008403361,0,1.987391912205097
45,304130,1983,13007,370285,905,870,1065,455,0.30598488198201645,1.0,0,0.5,0.5418487394957983,0,1.6888726912945642
46,298742,1658,13270,375746,735,1071,808,591,0.258057790138429,1.0,0,0.5,0.5434453781512605,0,1.3991070336836433
47,293306,1610,12992,381518,866,924,1202,501,0.30819243798175816,1.0,0,0.5,0.5450420168067227,0,1.6405165174630456
48,288059,1634,12641,387102,760,746,1097,413,0.28204732194900173,1.0,0,0.5,0.5466386554621849,0,1.4744875537247626
49,282729,1696,12530,392496,923,876,987,471,0.3625163156026542,1.0,0,0.5,0.548235294117647,0,1.8600970174606
50,277543,1813,12381,397740,861,770,919,424,0.3500920543726806,1.0,0,0.5,0.5498319327731093,0,1.763397474159565
51,272613,1581,12320,402985,684,938,999,521,0.28049690002807687,1.0,0,0.5,0.5514285714285714,0,1.3877534312647477
52,267568,1579,12327,408035,875,887,880,498,0.34465740102984405,1.0,0,0.5,0.5530252100840336,0,1.673630042502641
53,262803,1555,12136,413025,672,706,897,414,0.2814871011992352,1.0,0,0.5,0.5546218487394958,0,1.342537727861211
54,258041,1426,12153,417913,742,885,868,523,0.3307833351393943,1.0,0,0.5,0.556218487394958,0,1.549066349409605
55,253533,1315,11971,422724,561,682,864,365,0.2515911776714369,1.0,0,0.5,0.5578151260504202,0,1.1576241684156692
56,249032,1203,11763,427567,622,756,964,420,0.2850911767416741,1.0,0,0.5,0.5594117647058824,0,1.2884768348064837
57,244491,1374,11452,432258,732,571,882,303,0.3422538217312768,1.0,0,0.5,0.5610084033613445,0,1.518619125351926
58,240160,1345,11391,436703,591,644,705,362,0.29092633775240084,1.0,0,0.5,0.5626050420168067,0,1.2680062574610969
59,235820,1280,11229,441280,667,742,904,433,0.32278250777820033,1.0,0,0.5,0.564201680672269,0,1.3814281713601118
60,231525,1367,11022,445709,688,615,822,348,0.3568495271495724,1.0,0,0.5,0.5657983193277311,0,1.4994110267569576
61,227467,1217,10871,450078,517,677,828,400,0.29479344627195664,1.0,0,0.5,0.5673949579831933,0,1.2169532810649892
62,223438,1075,10764,454366,550,702,809,398,0.30783405415410614,1.0,0,0.5,0.5689915966386555,0,1.248278180286025
63,219470,1113,10630,458445,550,527,661,340,0.30398645327272605,1.0,0,0.5,0.5705882352941176,0,1.2107851221778407
64,215588,1088,10511,462481,525,560,679,313,0.30300178204837125,1.0,0,0.5,0.5721848739495798,0,1.1855160777927125
65,211852,972,10240,466614,439,565,836,313,0.28017326903038586,1.0,0,0.5,0.5737815126050421,0,1.077201495400936
66,208148,924,10039,470590,464,535,736,322,0.3139530181640887,1.0,0,0.5,0.5753781512605042,0,1.1859724120206603
67,204507,950,9684,474578,457,449,804,265,0.31874640104510643,1.0,0,0.5,0.5769747899159664,0,1.1830174470926231
68,200926,926,9491,478386,453,487,680,291,0.30805869284241816,1.0,0,0.5,0.5785714285714286,0,1.1233298219509593
69,197335,979,9321,482104,518,475,645,262,0.353290218639315,1.0,0,0.5,0.5801680672268907,0,1.265241462192389
70,193872,983,9213,485693,445,463,571,261,0.32853545412323815,1.0,0,0.5,0.581764705882353,0,1.1559392646893
71,190480,892,9087,489312,427,528,654,304,0.35659039743558,1.0,0,0.5,0.5833613445378152,0,1.232698047807337
72,187115,886,8902,492878,451,467,652,282,0.3406871129185357,1.0,0,0.5,0.5849579831932773,0,1.15691643788378
73,183843,879,8801,496278,410,437,538,253,0.36568474038280957,1.0,0,0.5,0.5865546218487395,0,1.220089299541733
74,180685,778,8676,499676,346,461,586,261,0.303116571408465,1.0,0,0.5,0.5881512605042016,0,0.9939612689221917
75,177578,702,8343,503202,344,430,763,250,0.3261932801308446,1.0,0,0.5,0.5897478991596639,0,1.0512399385255666
76,174469,745,8176,506445,393,360,527,204,0.3294802616178622,1.0,0,0.5,0.5913445378151261,0,1.0432427033417468
77,171514,698,7991,509652,287,354,539,207,0.2892218725288934,1.0,0,0.5,0.5929411764705883,0,0.9002609054462652
78,168595,601,7874,512795,296,403,520,225,0.29394237951721724,1.0,0,0.5,0.5945378151260504,0,0.8993828006188095
79,165719,616,7693,515862,297,307,488,170,0.3044491900791016,1.0,0,0.5,0.5961344537815126,0,0.9156401099849194
80,162900,615,7568,518828,284,306,431,183,0.3212615246664408,1.0,0,0.5,0.5977310924369748,0,0.9497678889988053
81,160138,573,7337,521873,270,322,553,194,0.3141528668413789,1.0,0,0.5,0.599327731092437,0,0.9130049020613055
82,157442,533,7235,524729,247,305,407,184,0.29177168761144906,1.0,0,0.5,0.6009243697478992,0,0.83368392433366
83,154805,492,6997,527655,229,280,518,166,0.2924941864698943,1.0,0,0.5,0.6025210084033614,0,0.8217503621774849
84,152210,465,6799,530485,228,265,463,161,0.29033349177010487,1.0,0,0.5,0.6041176470588235,0,0.8020067160289267
85,149698,433,6545,533306,184,239,493,140,0.23660731075178976,1.0,0,0.5,0.6057142857142858,0,0.6428088382014785
86,147216,398,6418,535960,193,238,365,144,0.2869160306245754,1.0,0,0.5,0.6073109243697479,0,0.7665623927327291
87,144758,408,6245,538591,207,207,380,118,0.2820959923130006,1.0,0,0.5,0.6089075630252101,0,0.7411006126753558
88,142352,415,6074,541179,192,203,374,127,0.3271207957119124,1.0,0,0.5,0.6105042016806723,0,0.8451025439514043
89,139998,385,5864,543783,177,217,427,124,0.28045193901790866,1.0,0,0.5,0.6121008403361345,0,0.7125542919200029
90,137706,336,5693,546305,151,210,381,128,0.25153995128568246,1.0,0,0.5,0.6136974789915967,0,0.6286334952848022
91,135432,340,5562,548729,168,187,318,118,0.3189202418340792,1.0,0,0.5,0.6152941176470589,0,0.7838646122722381
92,133205,353,5358,551165,156,161,365,97,0.31590712013962696,1.0,0,0.5,0.616890756302521,0,0.7636909132224505
93,131022,318,5177,553574,146,191,372,118,0.31627069566343596,1.0,0,0.5,0.6184873949579832,0,0.7520398604900987
94,128875,308,5012,555917,143,174,339,115,0.3041673677287526,1.0,0,0.5,0.6200840336134454,0,0.7114083847666008
95,126776,290,4810,558246,128,156,358,95,0.3391880017270193,1.0,0,0.5,0.6216806722689076,0,0.7803963115782369
96,124693,280,4585,560574,144,164,389,107,0.30744593581434754,1.0,0,0.5,0.6232773109243698,0,0.6957424657848452
97,122676,274,4471,562733,110,138,252,99,0.2892100806448523,1.0,0,0.5,0.624873949579832,0,0.6438885692329174
98,120682,248,4323,564911,118,154,302,93,0.28235189776256425,1.0,0,0.5,0.6264705882352941,0,0.618402009057159
99,118731,237,4206,567005,106,132,249,77,0.272485676032937,1.0,0,0.5,0.6280672268907563,0,0.5871451594128828
100,116836,198,3985,569170,79,128,349,76,0.23365045784991958,1.0,0,0.5,0.6296638655462186,0,0.4954285138035287
101,114949,187,3858,571205,100,121,248,81,0.2979305684026356,1.0,0,0.5,0.6312605042016807,0,0.6215240587040785
102,113090,215,3667,573243,101,89,280,58,0.29674723297667943,1.0,0,0.5,0.6328571428571429,0,0.6090438525897124
103,111280,196,3557,575192,81,110,220,70,0.29241330283659334,1.0,0,0.5,0.634453781512605,0,0.5905435426576786
104,109501,167,3518,577049,78,117,156,72,0.27898716796055273,1.0,0,0.5,0.6360504201680672,0,0.5544214131710812
105,107740,185,3413,578919,87,91,196,61,0.3117340610866879,1.0,0,0.5,0.6376470588235295,0,0.6095353679379194
106,106011,202,3292,580775,82,88,209,50,0.3363900660528272,1.0,0,0.5,0.6392436974789917,0,0.6471899657708314
107,104329,181,3109,582688,61,109,292,68,0.3055690258372648,1.0,0,0.5,0.6408403361344538,0,0.5785648647615231
108,102656,164,2976,584521,78,105,238,75,0.3020521342779109,1.0,0,0.5,0.642436974789916,0,0.5627350013943978
109,100995,177,2887,586268,91,88,177,67,0.32292380025404077,1.0,0,0.5,0.6440336134453781,0,0.59188537645272
110,99396,161,2764,588023,55,88,211,62,0.2727058687910486,1.0,0,0.5,0.6456302521008404,0,0.4919274684754617
111,97808,138,2674,589734,68,101,191,65,0.3254338776048606,1.0,0,0.5,0.6472268907563026,0,0.5776633589584032
112,96252,137,2550,591425,61,72,196,39,0.34361378007203036,1.0,0,0.5,0.6488235294117648,0,0.6002304400380147
113,94734,128,2480,593045,46,78,148,50,0.2819984918038972,1.0,0,0.5,0.6504201680672269,0,0.4848309573947068
114,93232,120,2347,594698,53,71,204,50,0.2950921006049843,1.0,0,0.5,0.6520168067226891,0,0.4992985059462034
115,91750,121,2259,596280,57,69,157,47,0.2879391939416226,1.0,0,0.5,0.6536134453781512,0,0.4794513428369803
116,90314,101,2170,597835,33,63,152,40,0.2507253113482758,1.0,0,0.5,0.6552100840336135,0,0.4109518489036964
117,88892,98,2091,599365,41,70,149,48,0.24917156681976665,1.0,0,0.5,0.6568067226890757,0,0.40197481364784277
118,87499,99,1970,600888,34,43,164,29,0.34007564010028757,1.0,0,0.5,0.6584033613445379,0,0.5400280216883043
119,86136,74,1903,602360,25,67,134,43,0.25892817591325107,1.0,0,0.5,0.66,0,0.40476382725333443
