Day,Susceptible,Infected,Recovered,New_Infections,New_Recoveries,Reported_Cases,Beta_Effective,Season_Index,Intervention_Flag,Reporting_Prob
0,9990,10,0,0,0,0,0.3,1.0,0,0.6
1,9989,11,0,1,0,1,0.30783963474507403,1.0261321158169134,0,0.6013966480446927
2,9982,18,0,7,0,3,0.315593376811332,1.05197792270444,0,0.6027932960893855
3,9979,20,1,3,1,1,0.32317627457812104,1.0772542485937369,0,0.6041899441340782
4,9972,23,5,7,4,5,0.330505248230685,1.10168416076895,0,0.605586592178771
5,9960,31,9,12,4,6,0.33749999999999997,1.125,0,0.6069832402234636
6,9955,32,13,5,4,2,0.3440838939219355,1.1469463130731183,0,0.6083798882681564
7,9944,41,15,11,2,8,0.35018479547691433,1.1672826515897146,0,0.6097765363128491
8,9926,58,16,18,1,11,0.35573586191080453,1.1857862063693485,0,0.6111731843575419
9,9909,71,20,17,4,6,0.36067627457812107,1.2022542485937369,0,0.6125698324022346
10,9886,86,28,23,8,12,0.36495190528383287,1.2165063509461096,0,0.6139664804469274
11,9850,112,38,36,10,23,0.36851590932319506,1.2283863644106503,0,0.6153631284916201
12,9805,139,56,45,18,27,0.3713292387221365,1.2377641290737884,0,0.6167597765363129
13,9762,164,74,43,18,28,0.37336107005503544,1.2445369001834514,0,0.6181564245810056
14,9710,196,94,52,20,32,0.3745891421526205,1.2486304738420684,0,0.6195530726256983
15,9635,250,115,75,21,47,0.375,1.25,0,0.620949720670391
16,9547,316,137,88,22,51,0.3745891421526205,1.2486304738420684,0,0.6223463687150838
17,9433,395,172,114,35,73,0.37336107005503544,1.2445369001834514,0,0.6237430167597765
18,9288,498,214,145,42,93,0.3713292387221365,1.2377641290737884,0,0.6251396648044693
19,9119,632,249,169,35,112,0.36851590932319506,1.2283863644106503,0,0.626536312849162
20,8915,771,314,204,65,126,0.36495190528383287,1.2165063509461096,0,0.6279329608938548
21,8676,951,373,239,59,155,0.36067627457812107,1.2022542485937369,0,0.6293296089385475
22,8361,1180,459,315,86,188,0.35573586191080453,1.1857862063693485,0,0.6307262569832403
23,8050,1375,575,311,116,201,0.35018479547691433,1.1672826515897146,0,0.6321229050279329
24,7694,1591,715,356,140,218,0.3440838939219355,1.1469463130731183,0,0.6335195530726256
25,7278,1856,866,416,151,266,0.33749999999999997,1.125,0,0.6349162011173184
26,6885,2107,1008,393,142,239,0.330505248230685,1.10168416076895,0,0.6363128491620111
27,6426,2384,1190,459,182,284,0.32317627457812104,1.0772542485937369,0,0.6377094972067039
28,5920,2649,1431,506,241,317,0.315593376811332,1.05197792270444,0,0.6391061452513966
29,5462,2891,1647,458,216,298,0.307839634745074,1.0261321158169132,0,0.6405027932960894
30,5030,3060,1910,432,263,263,0.30000000000000004,1.0000000000000002,0,0.6418994413407821
31,4608,3187,2205,422,295,279,0.292160365254926,0.9738678841830868,0,0.6432960893854749
32,4190,3307,2503,418,298,248,0.28440662318866805,0.9480220772955602,0,0.6446927374301675
33,3839,3319,2842,351,339,226,0.27682372542187894,0.9227457514062631,0,0.6460893854748603
34,3518,3322,3160,321,318,194,0.269494751769315,0.89831583923105,0,0.647486033519553
35,3223,3286,3491,295,331,205,0.2625,0.8750000000000001,0,0.6488826815642458
36,2960,3226,3814,263,323,185,0.25591610607806453,0.8530536869268818,0,0.6502793296089385
37,2716,3153,4131,244,317,160,0.24981520452308562,0.8327173484102854,0,0.6516759776536313
38,2510,3079,4411,206,280,138,0.24426413808919545,0.8142137936306515,0,0.653072625698324
39,2338,2945,4717,172,306,119,0.23932372542187894,0.7977457514062631,0,0.6544692737430168
40,2171,2855,4974,167,257,109,0.2350480947161671,0.7834936490538904,0,0.6558659217877095
41,2038,2711,5251,133,277,84,0.23148409067680498,0.7716136355893499,0,0.6572625698324022
42,1921,2588,5491,117,240,85,0.22867076127786345,0.7622358709262116,0,0.6586592178770949
43,1825,2425,5750,96,259,65,0.22663892994496457,0.7554630998165486,0,0.6600558659217877
44,1742,2275,5983,83,233,56,0.22541085784737946,0.7513695261579316,0,0.6614525139664804
45,1653,2145,6202,89,219,53,0.22499999999999998,0.75,0,0.6628491620111732
46,1573,2008,6419,80,217,56,0.22541085784737946,0.7513695261579316,0,0.6642458100558659
47,1511,1871,6618,62,199,43,0.22663892994496457,0.7554630998165486,0,0.6656424581005587
48,1437,1785,6778,74,160,51,0.22867076127786345,0.7622358709262116,0,0.6670391061452514
49,1373,1685,6942,64,164,47,0.2314840906768049,0.7716136355893497,0,0.6684357541899442
50,1332,1560,7108,41,166,25,0.2350480947161671,0.7834936490538904,0,0.6698324022346368
51,1285,1473,7242,47,134,35,0.23932372542187894,0.7977457514062631,0,0.6712290502793296
52,1235,1402,7363,50,121,31,0.24426413808919545,0.8142137936306515,0,0.6726256983240223
53,1186,1321,7493,49,130,33,0.24981520452308562,0.8327173484102854,0,0.674022346368715
54,1145,1240,7615,41,122,32,0.2559161060780645,0.8530536869268817,0,0.6754189944134078
55,1114,1158,7728,31,113,18,0.2625,0.8750000000000001,0,0.6768156424581006
56,1082,1094,7824,32,96,16,0.269494751769315,0.89831583923105,0,0.6782122905027933
57,1048,1026,7926,34,102,23,0.27682372542187894,0.9227457514062631,0,0.679608938547486
58,1016,963,8021,32,95,19,0.28440662318866805,0.9480220772955602,0,0.6810055865921787
59,996,898,8106,20,85,16,0.292160365254926,0.9738678841830867,0,0.6824022346368714
60,974,836,8190,22,84,13,0.2999999999999999,0.9999999999999997,0,0.6837988826815642
61,950,777,8273,24,83,15,0.307839634745074,1.0261321158169132,0,0.6851955307262569
62,925,721,8354,25,81,19,0.31559337681133187,1.0519779227044397,0,0.6865921787709497
63,907,671,8422,18,68,9,0.32317627457812104,1.0772542485937369,0,0.6879888268156424
64,890,636,8474,17,52,11,0.33050524823068494,1.1016841607689498,0,0.6893854748603352
65,867,589,8544,23,70,15,0.3374999999999999,1.1249999999999998,0,0.6907821229050279
66,853,547,8600,14,56,8,0.3440838939219355,1.1469463130731183,0,0.6921787709497207
67,838,508,8654,15,54,13,0.3501847954769143,1.1672826515897143,0,0.6935754189944134
68,823,467,8710,15,56,9,0.35573586191080453,1.1857862063693485,0,0.6949720670391061
69,806,447,8747,17,37,13,0.36067627457812107,1.2022542485937369,0,0.6963687150837988
70,801,411,8788,5,41,3,0.14598076211353314,1.2165063509461096,1,0.6977653631284916
71,797,363,8840,4,52,3,0.14740636372927804,1.2283863644106503,1,0.6991620111731843
72,793,333,8874,4,34,3,0.14853169548885461,1.2377641290737884,1,0.7005586592178771
73,792,305,8903,1,29,1,0.14934442802201417,1.2445369001834514,1,0.7019553072625698
74,784,290,8926,8,23,6,0.14983565686104822,1.2486304738420684,1,0.7033519553072626
75,781,261,8958,3,32,1,0.15000000000000002,1.25,1,0.7047486033519553
76,777,243,8980,4,22,2,0.14983565686104822,1.2486304738420684,1,0.706145251396648
77,775,229,8996,2,16,2,0.14934442802201417,1.2445369001834514,1,0.7075418994413407
78,775,208,9017,0,21,0,0.14853169548885461,1.2377641290737884,1,0.7089385474860335
79,773,194,9033,2,16,2,0.147406363729278,1.22838636441065,1,0.7103351955307262
80,769,178,9053,4,20,3,0.14598076211353317,1.2165063509461098,1,0.711731843575419
81,766,166,9068,3,15,2,0.14427050983124842,1.2022542485937369,1,0.7131284916201117
82,764,154,9082,2,14,1,0.14229434476432185,1.1857862063693487,1,0.7145251396648045
83,763,139,9098,1,16,1,0.14007391819076573,1.1672826515897143,1,0.7159217877094972
84,762,124,9114,1,16,1,0.1376335575687742,1.1469463130731183,1,0.71731843575419
85,762,117,9121,0,7,0,0.13499999999999998,1.125,1,0.7187150837988827
86,761,110,9129,1,8,0,0.13220209929227403,1.1016841607689503,1,0.7201117318435754
87,760,101,9139,1,10,1,0.1292705098312484,1.0772542485937369,1,0.7215083798882681
88,759,89,9152,1,13,1,0.12623735072453282,1.0519779227044401,1,0.7229050279329609
89,759,80,9161,0,9,0,0.1231358538980296,1.0261321158169132,1,0.7243016759776536
90,758,73,9169,1,8,1,0.12,1.0,1,0.7256983240223464
91,757,61,9182,1,13,1,0.11686414610197038,0.9738678841830866,1,0.7270949720670391
92,757,53,9190,0,8,0,0.11376264927546725,0.9480220772955604,1,0.7284916201117319
93,756,48,9196,1,6,1,0.11072949016875158,0.9227457514062632,1,0.7298882681564246
94,756,43,9201,0,5,0,0.10779790070772599,0.89831583923105,1,0.7312849162011172
95,755,41,9204,1,3,1,0.10499999999999997,0.8749999999999998,1,0.73268156424581
96,755,40,9205,0,1,0,0.10236644243122582,0.8530536869268818,1,0.7340782122905027
97,755,37,9208,0,3,0,0.09992608180923429,0.8327173484102858,1,0.7354748603351955
98,755,32,9213,0,5,0,0.0977056552356782,0.8142137936306516,1,0.7368715083798882
99,755,30,9215,0,2,0,0.09572949016875158,0.7977457514062631,1,0.738268156424581
100,754,27,9219,1,4,1,0.09401923788646684,0.7834936490538903,1,0.7396648044692737
101,753,27,9220,1,1,0,0.23148409067680498,0.7716136355893499,0,0.7410614525139665
102,751,27,9222,2,2,2,0.22867076127786345,0.7622358709262116,0,0.7424581005586592
103,750,28,9222,1,0,1,0.2266389299449646,0.7554630998165487,0,0.743854748603352
104,749,24,9227,1,5,0,0.22541085784737946,0.7513695261579316,0,0.7452513966480447
105,749,19,9232,0,5,0,0.22499999999999998,0.75,0,0.7466480446927374
106,749,18,9233,0,1,0,0.22541085784737946,0.7513695261579316,0,0.7480446927374301
107,749,17,9234,0,1,0,0.22663892994496457,0.7554630998165486,0,0.7494413407821229
108,749,14,9237,0,3,0,0.22867076127786345,0.7622358709262116,0,0.7508379888268156
109,748,12,9240,1,3,0,0.23148409067680487,0.7716136355893496,0,0.7522346368715084
110,748,12,9240,0,0,0,0.2350480947161671,0.7834936490538904,0,0.7536312849162011
111,748,12,9240,0,0,0,0.23932372542187894,0.7977457514062631,0,0.7550279329608939
112,748,11,9241,0,1,0,0.24426413808919545,0.8142137936306515,0,0.7564245810055865
113,747,11,9242,1,1,1,0.24981520452308556,0.8327173484102852,0,0.7578212290502793
114,747,9,9244,0,2,0,0.2559161060780645,0.8530536869268817,0,0.759217877094972
115,747,9,9244,0,0,0,0.2625,0.875,0,0.7606145251396648
116,746,9,9245,1,1,1,0.26949475176931503,0.8983158392310501,0,0.7620111731843575
117,745,10,9245,1,0,0,0.2768237254218789,0.922745751406263,0,0.7634078212290503
118,744,11,9245,1,0,1,0.28440662318866805,0.9480220772955602,0,0.764804469273743
119,744,11,9245,0,0,0,0.2921603652549259,0.9738678841830863,0,0.7662011173184358
120,744,9,9247,0,2,0,0.2999999999999998,0.9999999999999994,0,0.7675977653631285
121,744,9,9247,0,0,0,0.30783963474507403,1.0261321158169134,0,0.7689944134078213
122,744,9,9247,0,0,0,0.3155933768113318,1.0519779227044395,0,0.770391061452514
123,744,8,9248,0,1,0,0.323176274578121,1.0772542485937366,0,0.7717877094972067
124,744,8,9248,0,0,0,0.3305052482306849,1.1016841607689496,0,0.7731843575418994
125,744,8,9248,0,0,0,0.3374999999999999,1.1249999999999998,0,0.7745810055865922
126,743,8,9249,1,1,1,0.34408389392193545,1.1469463130731181,0,0.7759776536312849
127,743,8,9249,0,0,0,0.35018479547691433,1.1672826515897146,0,0.7773743016759777
128,743,8,9249,0,0,0,0.3557358619108045,1.1857862063693483,0,0.7787709497206704
129,743,6,9251,0,2,0,0.36067627457812107,1.2022542485937369,0,0.7801675977653632
130,743,6,9251,0,0,0,0.3649519052838328,1.2165063509461094,0,0.7815642458100558
131,743,6,9251,0,0,0,0.36851590932319506,1.2283863644106503,0,0.7829608938547485
132,743,6,9251,0,0,0,0.3713292387221365,1.2377641290737884,0,0.7843575418994413
133,743,6,9251,0,0,0,0.37336107005503544,1.2445369001834514,0,0.785754189944134
134,743,5,9252,0,1,0,0.3745891421526205,1.2486304738420684,0,0.7871508379888268
135,743,5,9252,0,0,0,0.375,1.25,0,0.7885474860335195
136,742,5,9253,1,1,1,0.3745891421526205,1.2486304738420684,0,0.7899441340782123
137,742,5,9253,0,0,0,0.37336107005503544,1.2445369001834514,0,0.791340782122905
138,742,5,9253,0,0,0,0.3713292387221365,1.2377641290737884,0,0.7927374301675978
139,742,5,9253,0,0,0,0.36851590932319506,1.2283863644106503,0,0.7941340782122905
140,742,5,9253,0,0,0,0.3649519052838329,1.2165063509461098,0,0.7955307262569833
141,742,4,9254,0,1,0,0.36067627457812107,1.2022542485937369,0,0.7969273743016759
142,742,4,9254,0,0,0,0.35573586191080453,1.1857862063693485,0,0.7983240223463687
143,742,4,9254,0,0,0,0.3501847954769143,1.1672826515897143,0,0.7997206703910614
144,741,5,9254,1,0,1,0.3440838939219355,1.1469463130731183,0,0.8011173184357542
145,741,4,9255,0,1,0,0.33750000000000013,1.1250000000000004,0,0.8025139664804469
146,741,4,9255,0,0,0,0.33050524823068506,1.1016841607689503,0,0.8039106145251397
147,741,4,9255,0,0,0,0.3231762745781211,1.077254248593737,0,0.8053072625698324
148,741,4,9255,0,0,0,0.315593376811332,1.05197792270444,0,0.8067039106145251
149,741,4,9255,0,0,0,0.3078396347450741,1.0261321158169137,0,0.8081005586592178
150,741,4,9255,0,0,0,0.30000000000000004,1.0000000000000002,0,0.8094972067039106
151,741,4,9255,0,0,0,0.2921603652549261,0.9738678841830871,0,0.8108938547486033
152,741,3,9256,0,1,0,0.2844066231886681,0.9480220772955604,0,0.8122905027932961
153,741,3,9256,0,0,0,0.2768237254218789,0.9227457514062629,0,0.8136871508379888
154,741,3,9256,0,0,0,0.2694947517693151,0.8983158392310504,0,0.8150837988826816
155,741,3,9256,0,0,0,0.26250000000000007,0.8750000000000002,0,0.8164804469273743
156,741,3,9256,0,0,0,0.25591610607806453,0.8530536869268819,0,0.8178770949720671
157,741,3,9256,0,0,0,0.24981520452308562,0.8327173484102854,0,0.8192737430167598
158,741,2,9257,0,1,0,0.2442641380891954,0.8142137936306514,0,0.8206703910614526
159,741,2,9257,0,0,0,0.23932372542187885,0.7977457514062629,0,0.8220670391061452
160,741,2,9257,0,0,0,0.23504809471616717,0.7834936490538906,0,0.823463687150838
161,741,2,9257,0,0,0,0.23148409067680498,0.7716136355893499,0,0.8248603351955307
162,741,2,9257,0,0,0,0.22867076127786345,0.7622358709262116,0,0.8262569832402235
163,741,2,9257,0,0,0,0.22663892994496457,0.7554630998165486,0,0.8276536312849162
164,741,2,9257,0,0,0,0.22541085784737952,0.7513695261579317,0,0.829050279329609
165,741,2,9257,0,0,0,0.22499999999999998,0.75,0,0.8304469273743017
166,741,1,9258,0,1,0,0.22541085784737952,0.7513695261579317,0,0.8318435754189943
167,741,1,9258,0,0,0,0.2266389299449646,0.7554630998165487,0,0.8332402234636871
168,741,1,9258,0,0,0,0.22867076127786345,0.7622358709262116,0,0.8346368715083798
169,741,1,9258,0,0,0,0.2314840906768049,0.7716136355893497,0,0.8360335195530726
170,741,1,9258,0,0,0,0.2350480947161671,0.7834936490538904,0,0.8374301675977653
171,741,1,9258,0,0,0,0.23932372542187882,0.7977457514062628,0,0.8388268156424581
172,741,1,9258,0,0,0,0.24426413808919534,0.8142137936306512,0,0.8402234636871508
173,741,1,9258,0,0,0,0.24981520452308556,0.8327173484102852,0,0.8416201117318436
174,741,1,9258,0,0,0,0.2559161060780645,0.8530536869268815,0,0.8430167597765363
175,741,1,9258,0,0,0,0.26249999999999973,0.8749999999999992,0,0.8444134078212291
176,741,1,9258,0,0,0,0.26949475176931476,0.8983158392310493,0,0.8458100558659218
177,741,1,9258,0,0,0,0.276823725421879,0.9227457514062634,0,0.8472067039106145
178,741,0,9259,0,1,0,0.28440662318866816,0.9480220772955605,0,0.8486033519553072
179,741,0,9259,0,0,0,0.2921603652549259,0.9738678841830863,0,0.85
