Day,Susceptible,Infected,Recovered,New_Infections,New_Recoveries,Reported_Cases,Beta_Effective,Season_Index,Intervention_Flag,Reporting_Prob
0,9990,10,0,0,0,0,0.3,1.0,0,0.6
1,9986,14,0,4,0,4,0.30783963474507403,1.0261321158169134,0,0.6013966480446927
2,9980,19,1,6,1,5,0.315593376811332,1.05197792270444,0,0.6027932960893855
3,9972,26,2,8,1,5,0.32317627457812104,1.0772542485937369,0,0.6041899441340782
4,9964,29,7,8,5,3,0.330505248230685,1.10168416076895,0,0.605586592178771
5,9956,35,9,8,2,5,0.33749999999999997,1.125,0,0.6069832402234636
6,9952,37,11,4,2,1,0.3440838939219355,1.1469463130731183,0,0.6083798882681564
7,9936,49,15,16,4,10,0.35018479547691433,1.1672826515897146,0,0.6097765363128491
8,9912,68,20,24,5,11,0.35573586191080453,1.1857862063693485,0,0.6111731843575419
9,9873,105,22,39,2,27,0.36067627457812107,1.2022542485937369,0,0.6125698324022346
10,9829,140,31,44,9,29,0.36495190528383287,1.2165063509461096,0,0.6139664804469274
11,9783,173,44,46,13,28,0.36851590932319506,1.2283863644106503,0,0.6153631284916201
12,9722,218,60,61,16,40,0.3713292387221365,1.2377641290737884,0,0.6167597765363129
13,9638,287,75,84,15,47,0.37336107005503544,1.2445369001834514,0,0.6181564245810056
14,9532,364,104,106,29,63,0.3745891421526205,1.2486304738420684,0,0.6195530726256983
15,9390,467,143,142,39,91,0.375,1.25,0,0.620949720670391
16,9218,601,181,172,38,120,0.3745891421526205,1.2486304738420684,0,0.6223463687150838
17,9008,763,229,210,48,137,0.37336107005503544,1.2445369001834514,0,0.6237430167597765
18,8766,927,307,242,78,154,0.3713292387221365,1.2377641290737884,0,0.6251396648044693
19,8482,1127,391,284,84,176,0.36851590932319506,1.2283863644106503,0,0.626536312849162
20,8126,1375,499,356,108,222,0.36495190528383287,1.2165063509461096,0,0.6279329608938548
21,7750,1623,627,376,128,231,0.36067627457812107,1.2022542485937369,0,0.6293296089385475
22,7295,1921,784,455,157,278,0.35573586191080453,1.1857862063693485,0,0.6307262569832403
23,6810,2230,960,485,176,325,0.35018479547691433,1.1672826515897146,0,0.6321229050279329
24,6341,2486,1173,469,213,306,0.3440838939219355,1.1469463130731183,0,0.6335195530726256
25,5849,2738,1413,492,240,323,0.33749999999999997,1.125,0,0.6349162011173184
26,5337,2986,1677,512,264,305,0.330505248230685,1.10168416076895,0,0.6363128491620111
27,4832,3191,1977,505,300,317,0.32317627457812104,1.0772542485937369,0,0.6377094972067039
28,4376,3328,2296,456,319,266,0.315593376811332,1.05197792270444,0,0.6391061452513966
29,3953,3450,2597,423,301,273,0.307839634745074,1.0261321158169132,0,0.6405027932960894
30,3543,3516,2941,410,344,261,0.30000000000000004,1.0000000000000002,0,0.6418994413407821
31,3194,3534,3272,349,331,205,0.292160365254926,0.9738678841830868,0,0.6432960893854749
32,2886,3496,3618,308,346,197,0.28440662318866805,0.9480220772955602,0,0.6446927374301675
33,2645,3399,3956,241,338,165,0.27682372542187894,0.9227457514062631,0,0.6460893854748603
34,2380,3356,4264,265,308,163,0.269494751769315,0.89831583923105,0,0.647486033519553
35,2165,3247,4588,215,324,136,0.2625,0.8750000000000001,0,0.6488826815642458
36,2010,3097,4893,155,305,101,0.25591610607806453,0.8530536869268818,0,0.6502793296089385
37,1895,2901,5204,115,311,69,0.24981520452308562,0.8327173484102854,0,0.6516759776536313
38,1773,2748,5479,122,275,73,0.24426413808919545,0.8142137936306515,0,0.653072625698324
39,1655,2606,5739,118,260,75,0.23932372542187894,0.7977457514062631,0,0.6544692737430168
40,1546,2453,6001,109,262,72,0.2350480947161671,0.7834936490538904,0,0.6558659217877095
41,1470,2323,6207,76,206,53,0.23148409067680498,0.7716136355893499,0,0.6572625698324022
42,1391,2184,6425,79,218,56,0.22867076127786345,0.7622358709262116,0,0.6586592178770949
43,1316,2044,6640,75,215,46,0.22663892994496457,0.7554630998165486,0,0.6600558659217877
44,1251,1908,6841,65,201,41,0.22541085784737946,0.7513695261579316,0,0.6614525139664804
45,1199,1789,7012,52,171,32,0.22499999999999998,0.75,0,0.6628491620111732
46,1148,1673,7179,51,167,26,0.22541085784737946,0.7513695261579316,0,0.6642458100558659
47,1097,1561,7342,51,163,32,0.22663892994496457,0.7554630998165486,0,0.6656424581005587
48,1060,1421,7519,37,177,29,0.22867076127786345,0.7622358709262116,0,0.6670391061452514
49,1031,1314,7655,29,136,20,0.2314840906768049,0.7716136355893497,0,0.6684357541899442
50,1010,1199,7791,21,136,14,0.2350480947161671,0.7834936490538904,0,0.6698324022346368
51,983,1106,7911,27,120,18,0.23932372542187894,0.7977457514062631,0,0.6712290502793296
52,956,1048,7996,27,85,19,0.24426413808919545,0.8142137936306515,0,0.6726256983240223
53,944,962,8094,12,98,8,0.24981520452308562,0.8327173484102854,0,0.674022346368715
54,926,875,8199,18,105,12,0.2559161060780645,0.8530536869268817,0,0.6754189944134078
55,903,814,8283,23,84,14,0.2625,0.8750000000000001,0,0.6768156424581006
56,880,765,8355,23,72,13,0.269494751769315,0.89831583923105,0,0.6782122905027933
57,867,709,8424,13,69,10,0.27682372542187894,0.9227457514062631,0,0.679608938547486
58,853,658,8489,14,65,8,0.28440662318866805,0.9480220772955602,0,0.6810055865921787
59,836,619,8545,17,56,11,0.292160365254926,0.9738678841830867,0,0.6824022346368714
60,828,567,8605,8,60,7,0.2999999999999999,0.9999999999999997,0,0.6837988826815642
61,820,517,8663,8,58,4,0.307839634745074,1.0261321158169132,0,0.6851955307262569
62,804,487,8709,16,46,10,0.31559337681133187,1.0519779227044397,0,0.6865921787709497
63,796,443,8761,8,52,3,0.32317627457812104,1.0772542485937369,0,0.6879888268156424
64,786,412,8802,10,41,8,0.33050524823068494,1.1016841607689498,0,0.6893854748603352
65,771,396,8833,15,31,9,0.3374999999999999,1.1249999999999998,0,0.6907821229050279
66,761,378,8861,10,28,5,0.3440838939219355,1.1469463130731183,0,0.6921787709497207
67,754,352,8894,7,33,2,0.3501847954769143,1.1672826515897143,0,0.6935754189944134
68,745,334,8921,9,27,6,0.35573586191080453,1.1857862063693485,0,0.6949720670391061
69,733,322,8945,12,24,9,0.36067627457812107,1.2022542485937369,0,0.6963687150837988
70,732,296,8972,1,27,1,0.14598076211353314,1.2165063509461096,1,0.6977653631284916
71,730,269,9001,2,29,2,0.14740636372927804,1.2283863644106503,1,0.6991620111731843
72,728,250,9022,2,21,2,0.14853169548885461,1.2377641290737884,1,0.7005586592178771
73,722,232,9046,6,24,4,0.14934442802201417,1.2445369001834514,1,0.7019553072625698
74,720,209,9071,2,25,0,0.14983565686104822,1.2486304738420684,1,0.7033519553072626
75,719,200,9081,1,10,1,0.15000000000000002,1.25,1,0.7047486033519553
76,716,185,9099,3,18,3,0.14983565686104822,1.2486304738420684,1,0.706145251396648
77,714,167,9119,2,20,2,0.14934442802201417,1.2445369001834514,1,0.7075418994413407
78,709,155,9136,5,17,4,0.14853169548885461,1.2377641290737884,1,0.7089385474860335
79,709,140,9151,0,15,0,0.147406363729278,1.22838636441065,1,0.7103351955307262
80,709,132,9159,0,8,0,0.14598076211353317,1.2165063509461098,1,0.711731843575419
81,707,118,9175,2,16,2,0.14427050983124842,1.2022542485937369,1,0.7131284916201117
82,707,109,9184,0,9,0,0.14229434476432185,1.1857862063693487,1,0.7145251396648045
83,705,107,9188,2,4,1,0.14007391819076573,1.1672826515897143,1,0.7159217877094972
84,704,93,9203,1,15,0,0.1376335575687742,1.1469463130731183,1,0.71731843575419
85,704,83,9213,0,10,0,0.13499999999999998,1.125,1,0.7187150837988827
86,704,79,9217,0,4,0,0.13220209929227403,1.1016841607689503,1,0.7201117318435754
87,703,72,9225,1,8,1,0.1292705098312484,1.0772542485937369,1,0.7215083798882681
88,702,63,9235,1,10,1,0.12623735072453282,1.0519779227044401,1,0.7229050279329609
89,702,60,9238,0,3,0,0.1231358538980296,1.0261321158169132,1,0.7243016759776536
90,702,56,9242,0,4,0,0.12,1.0,1,0.7256983240223464
91,702,49,9249,0,7,0,0.11686414610197038,0.9738678841830866,1,0.7270949720670391
92,702,45,9253,0,4,0,0.11376264927546725,0.9480220772955604,1,0.7284916201117319
93,702,43,9255,0,2,0,0.11072949016875158,0.9227457514062632,1,0.7298882681564246
94,702,40,9258,0,3,0,0.10779790070772599,0.89831583923105,1,0.7312849162011172
95,701,37,9262,1,4,1,0.10499999999999997,0.8749999999999998,1,0.73268156424581
96,701,34,9265,0,3,0,0.10236644243122582,0.8530536869268818,1,0.7340782122905027
97,700,34,9266,1,1,1,0.09992608180923429,0.8327173484102858,1,0.7354748603351955
98,700,31,9269,0,3,0,0.0977056552356782,0.8142137936306516,1,0.7368715083798882
99,700,30,9270,0,1,0,0.09572949016875158,0.7977457514062631,1,0.738268156424581
100,700,28,9272,0,2,0,0.09401923788646684,0.7834936490538903,1,0.7396648044692737
101,699,27,9274,1,2,1,0.23148409067680498,0.7716136355893499,0,0.7410614525139665
102,699,24,9277,0,3,0,0.22867076127786345,0.7622358709262116,0,0.7424581005586592
103,699,22,9279,0,2,0,0.2266389299449646,0.7554630998165487,0,0.743854748603352
104,699,20,9281,0,2,0,0.22541085784737946,0.7513695261579316,0,0.7452513966480447
105,698,16,9286,1,5,0,0.22499999999999998,0.75,0,0.7466480446927374
106,698,16,9286,0,0,0,0.22541085784737946,0.7513695261579316,0,0.7480446927374301
107,698,15,9287,0,1,0,0.22663892994496457,0.7554630998165486,0,0.7494413407821229
108,698,12,9290,0,3,0,0.22867076127786345,0.7622358709262116,0,0.7508379888268156
109,698,8,9294,0,4,0,0.23148409067680487,0.7716136355893496,0,0.7522346368715084
110,698,8,9294,0,0,0,0.2350480947161671,0.7834936490538904,0,0.7536312849162011
111,698,6,9296,0,2,0,0.23932372542187894,0.7977457514062631,0,0.7550279329608939
112,698,6,9296,0,0,0,0.24426413808919545,0.8142137936306515,0,0.7564245810055865
113,698,6,9296,0,0,0,0.24981520452308556,0.8327173484102852,0,0.7578212290502793
114,698,6,9296,0,0,0,0.2559161060780645,0.8530536869268817,0,0.759217877094972
115,698,6,9296,0,0,0,0.2625,0.875,0,0.7606145251396648
116,698,6,9296,0,0,0,0.26949475176931503,0.8983158392310501,0,0.7620111731843575
117,698,6,9296,0,0,0,0.2768237254218789,0.922745751406263,0,0.7634078212290503
118,698,6,9296,0,0,0,0.28440662318866805,0.9480220772955602,0,0.764804469273743
119,698,5,9297,0,1,0,0.2921603652549259,0.9738678841830863,0,0.7662011173184358
120,698,5,9297,0,0,0,0.2999999999999998,0.9999999999999994,0,0.7675977653631285
121,697,5,9298,1,1,1,0.30783963474507403,1.0261321158169134,0,0.7689944134078213
122,697,4,9299,0,1,0,0.3155933768113318,1.0519779227044395,0,0.770391061452514
123,697,3,9300,0,1,0,0.323176274578121,1.0772542485937366,0,0.7717877094972067
124,697,3,9300,0,0,0,0.3305052482306849,1.1016841607689496,0,0.7731843575418994
125,697,2,9301,0,1,0,0.3374999999999999,1.1249999999999998,0,0.7745810055865922
126,697,1,9302,0,1,0,0.34408389392193545,1.1469463130731181,0,0.7759776536312849
127,697,0,9303,0,1,0,0.35018479547691433,1.1672826515897146,0,0.7773743016759777
128,697,0,9303,0,0,0,0.3557358619108045,1.1857862063693483,0,0.7787709497206704
129,697,0,9303,0,0,0,0.36067627457812107,1.2022542485937369,0,0.7801675977653632
130,697,0,9303,0,0,0,0.3649519052838328,1.2165063509461094,0,0.7815642458100558
131,697,0,9303,0,0,0,0.36851590932319506,1.2283863644106503,0,0.7829608938547485
132,697,0,9303,0,0,0,0.3713292387221365,1.2377641290737884,0,0.7843575418994413
133,697,0,9303,0,0,0,0.37336107005503544,1.2445369001834514,0,0.785754189944134
134,697,0,9303,0,0,0,0.3745891421526205,1.2486304738420684,0,0.7871508379888268
135,697,0,9303,0,0,0,0.375,1.25,0,0.7885474860335195
136,697,0,9303,0,0,0,0.3745891421526205,1.2486304738420684,0,0.7899441340782123
137,697,0,9303,0,0,0,0.37336107005503544,1.2445369001834514,0,0.791340782122905
138,697,0,9303,0,0,0,0.3713292387221365,1.2377641290737884,0,0.7927374301675978
139,697,0,9303,0,0,0,0.36851590932319506,1.2283863644106503,0,0.7941340782122905
140,697,0,9303,0,0,0,0.3649519052838329,1.2165063509461098,0,0.7955307262569833
141,697,0,9303,0,0,0,0.36067627457812107,1.2022542485937369,0,0.7969273743016759
142,697,0,9303,0,0,0,0.35573586191080453,1.1857862063693485,0,0.7983240223463687
143,697,0,9303,0,0,0,0.3501847954769143,1.1672826515897143,0,0.7997206703910614
144,697,0,9303,0,0,0,0.3440838939219355,1.1469463130731183,0,0.8011173184357542
145,697,0,9303,0,0,0,0.33750000000000013,1.1250000000000004,0,0.8025139664804469
146,697,0,9303,0,0,0,0.33050524823068506,1.1016841607689503,0,0.8039106145251397
147,697,0,9303,0,0,0,0.3231762745781211,1.077254248593737,0,0.8053072625698324
148,697,0,9303,0,0,0,0.315593376811332,1.05197792270444,0,0.8067039106145251
149,697,0,9303,0,0,0,0.3078396347450741,1.0261321158169137,0,0.8081005586592178
150,697,0,9303,0,0,0,0.30000000000000004,1.0000000000000002,0,0.8094972067039106
151,697,0,9303,0,0,0,0.2921603652549261,0.9738678841830871,0,0.8108938547486033
152,697,0,9303,0,0,0,0.2844066231886681,0.9480220772955604,0,0.8122905027932961
153,697,0,9303,0,0,0,0.2768237254218789,0.9227457514062629,0,0.8136871508379888
154,697,0,9303,0,0,0,0.2694947517693151,0.8983158392310504,0,0.8150837988826816
155,697,0,9303,0,0,0,0.26250000000000007,0.8750000000000002,0,0.8164804469273743
156,697,0,9303,0,0,0,0.25591610607806453,0.8530536869268819,0,0.8178770949720671
157,697,0,9303,0,0,0,0.24981520452308562,0.8327173484102854,0,0.8192737430167598
158,697,0,9303,0,0,0,0.2442641380891954,0.8142137936306514,0,0.8206703910614526
159,697,0,9303,0,0,0,0.23932372542187885,0.7977457514062629,0,0.8220670391061452
160,697,0,9303,0,0,0,0.23504809471616717,0.7834936490538906,0,0.823463687150838
161,697,0,9303,0,0,0,0.23148409067680498,0.7716136355893499,0,0.8248603351955307
162,697,0,9303,0,0,0,0.22867076127786345,0.7622358709262116,0,0.8262569832402235
163,697,0,9303,0,0,0,0.22663892994496457,0.7554630998165486,0,0.8276536312849162
164,697,0,9303,0,0,0,0.22541085784737952,0.7513695261579317,0,0.829050279329609
165,697,0,9303,0,0,0,0.22499999999999998,0.75,0,0.8304469273743017
166,697,0,9303,0,0,0,0.22541085784737952,0.7513695261579317,0,0.8318435754189943
167,697,0,9303,0,0,0,0.2266389299449646,0.7554630998165487,0,0.8332402234636871
168,697,0,9303,0,0,0,0.22867076127786345,0.7622358709262116,0,0.8346368715083798
169,697,0,9303,0,0,0,0.2314840906768049,0.7716136355893497,0,0.8360335195530726
170,697,0,9303,0,0,0,0.2350480947161671,0.7834936490538904,0,0.8374301675977653
171,697,0,9303,0,0,0,0.23932372542187882,0.7977457514062628,0,0.8388268156424581
172,697,0,9303,0,0,0,0.24426413808919534,0.8142137936306512,0,0.8402234636871508
173,697,0,9303,0,0,0,0.24981520452308556,0.8327173484102852,0,0.8416201117318436
174,697,0,9303,0,0,0,0.2559161060780645,0.8530536869268815,0,0.8430167597765363
175,697,0,9303,0,0,0,0.26249999999999973,0.8749999999999992,0,0.8444134078212291
176,697,0,9303,0,0,0,0.26949475176931476,0.8983158392310493,0,0.8458100558659218
177,697,0,9303,0,0,0,0.276823725421879,0.9227457514062634,0,0.8472067039106145
178,697,0,9303,0,0,0,0.28440662318866816,0.9480220772955605,0,0.8486033519553072
179,697,0,9303,0,0,0,0.2921603652549259,0.9738678841830863,0,0.85
