Day,Susceptible,Exposed,Infected,Recovered,New_Exposed,New_Infections,New_Recoveries,Reported_Cases,Beta_Effective,Season_Index,Intervention_Flag,Quarantine_Fraction,Reporting_Prob,MultiWave_Flag,Rt
0,467379,231,2555,216,230,1,216,0,0.17223815898581707,1.0,0,0.5,0.34299999999999997,0,2.139245653734334
1,467166,444,2386,388,213,3,172,0,0.1705770150601093,1.0,0,0.5,0.34494117647058825,0,2.1176482638885616
2,466971,409,2453,554,195,233,166,71,0.16970354814753721,1.0,0,0.5,0.3468823529411764,0,2.105925104596602
3,466820,362,2447,776,151,216,222,80,0.13498248850788552,1.0,0,0.5,0.3488235294117647,0,1.674514734003089
4,466628,359,2484,937,192,198,161,70,0.1704445003646687,1.0,0,0.5,0.3507647058823529,0,2.1135663028155123
5,466414,408,2506,1084,214,169,147,55,0.1630918054041434,1.0,0,0.5,0.3527058823529411,0,2.0214630469729764
6,466174,456,2526,1259,240,195,175,62,0.17994334930572786,1.0,0,0.5,0.3546470588235294,0,2.229184097271785
7,465972,453,2542,1461,202,218,202,92,0.1644951001138977,1.0,0,0.5,0.3565882352941176,0,2.0369242353047525
8,465803,382,2589,1657,169,243,196,86,0.13988285517168395,1.0,0,0.5,0.3585294117647058,0,1.7315253653845064
9,465623,358,2644,1817,180,215,160,80,0.14355291797584527,1.0,0,0.5,0.3604705882352941,0,1.7762681881702573
10,465432,394,2584,2049,191,172,232,63,0.1637919272162218,1.0,0,0.5,0.3624117647058823,0,2.0258664892592075
11,465201,437,2572,2252,231,191,203,76,0.182799384730865,1.0,0,0.5,0.36435294117647055,0,2.259838783624033
12,464999,447,2536,2496,202,208,244,78,0.17469119291011942,1.0,0,0.5,0.36629411764705877,0,2.1586643433277373
13,464779,446,2611,2655,220,234,159,69,0.14822355791255498,1.0,0,0.5,0.36823529411764705,0,1.8307364121017144
14,464549,461,2606,2878,230,218,223,75,0.15260361281805235,1.0,0,0.5,0.3701764705882353,0,1.8839025480254592
15,464323,457,2624,3093,226,233,215,82,0.18012089235235507,1.0,0,0.5,0.3721176470588235,0,2.2225235687531373
16,464099,459,2640,3310,224,233,217,80,0.18074587403176628,1.0,0,0.5,0.3740588235294118,0,2.2291593425798317
17,463928,404,2646,3533,171,229,223,83,0.13113195753574625,1.0,0,0.5,0.376,0,1.6166693983905447
18,463724,388,2656,3758,204,235,225,85,0.16260119434941994,1.0,0,0.5,0.37794117647058817,0,2.0037585715053825
19,463516,425,2612,3976,208,174,218,50,0.14538025375127048,1.0,0,0.5,0.3798823529411764,0,1.7907387898315474
20,463341,384,2612,4195,175,219,219,80,0.15301034069263003,1.0,0,0.5,0.3818235294117647,0,1.8840117295538248
21,463175,356,2634,4384,166,211,189,93,0.13411092516547587,1.0,0,0.5,0.3837647058823529,0,1.6507121853739029
22,462967,389,2567,4629,208,178,245,67,0.16029285219171666,1.0,0,0.5,0.3857058823529411,0,1.9720879572813224
23,462809,367,2524,4855,158,183,226,76,0.11600052847076607,1.0,0,0.5,0.3876470588235294,0,1.4266710615542673
24,462639,344,2532,5058,170,211,203,91,0.1544275932777282,1.0,0,0.5,0.3895882352941176,0,1.898581445132938
25,462427,407,2491,5260,212,161,202,65,0.1663556538476323,1.0,0,0.5,0.39152941176470585,0,2.044291569718223
26,462261,388,2459,5480,166,188,220,72,0.14943019900627322,1.0,0,0.5,0.39347058823529407,0,1.8356408668020592
27,462080,363,2486,5677,181,224,197,81,0.1627689731332308,1.0,0,0.5,0.39541176470588235,0,1.998715054918568
28,461922,366,2415,5917,158,169,240,71,0.13811428640452256,1.0,0,0.5,0.3973529411764706,0,1.6953889152297899
29,461734,358,2376,6155,188,199,238,81,0.15716060541848,1.0,0,0.5,0.39929411764705874,0,1.9284022825821425
30,461568,355,2397,6306,166,172,151,60,0.1331594822416275,1.0,0,0.5,0.40123529411764697,0,1.6333147286364698
31,461375,368,2400,6494,193,191,188,84,0.1457102463364826,1.0,0,0.5,0.40317647058823525,0,1.786513239948389
32,461233,344,2376,6687,142,169,193,71,0.14627599413974002,1.0,0,0.5,0.40511764705882347,0,1.7928977379159865
33,461081,295,2364,6903,152,204,216,96,0.14210176631669363,1.0,0,0.5,0.4070588235294117,0,1.741160439641954
34,460920,326,2322,7090,161,145,187,58,0.14665195096704323,1.0,0,0.5,0.409,0,1.7962860065959991
35,460758,336,2297,7270,162,155,180,65,0.14509853589540606,1.0,0,0.5,0.4109411764705882,0,1.7766341397600525
36,460577,344,2307,7436,181,176,166,73,0.1414604721431772,1.0,0,0.5,0.4128823529411764,0,1.7314080740819668
37,460392,372,2254,7654,185,165,218,69,0.14688009226176607,1.0,0,0.5,0.4148235294117647,0,1.79701951608647
38,460275,308,2298,7794,117,184,140,73,0.10585727629895879,1.0,0,0.5,0.4167647058823529,0,1.2947925462367382
39,460144,249,2312,7973,131,193,179,81,0.13280564895593353,1.0,0,0.5,0.41870588235294115,0,1.6239490531353196
40,459975,303,2246,8159,169,120,186,49,0.14941872075604348,1.0,0,0.5,0.4206470588235293,0,1.8264228441257235
41,459829,318,2172,8367,146,134,208,56,0.13340482652692634,1.0,0,0.5,0.42258823529411765,0,1.630159083873058
42,459681,298,2166,8547,148,174,180,74,0.1505116895601535,1.0,0,0.5,0.4245294117647058,0,1.8386068459875153
43,459534,311,2137,8725,147,149,178,77,0.12973880018200945,1.0,0,0.5,0.42647058823529405,0,1.5843444808027018
44,459356,341,2105,8911,178,154,186,65,0.15513153330218046,1.0,0,0.5,0.42841176470588227,0,1.8937016908587652
45,459201,340,2104,9074,155,162,163,70,0.1402023540836705,1.0,0,0.5,0.43035294117647055,0,1.7108826392540795
46,459054,306,2117,9245,147,184,171,83,0.12693996024515214,1.0,0,0.5,0.4322941176470588,0,1.5485463984993502
47,458874,343,2106,9417,180,161,172,71,0.16259115544040248,1.0,0,0.5,0.434235294117647,0,1.9826792294500617
48,458746,324,2092,9581,128,150,164,60,0.13621667253548436,1.0,0,0.5,0.4361764705882353,0,1.6605985189326933
49,458618,257,2128,9743,128,198,162,98,0.1267432379052699,1.0,0,0.5,0.4381176470588235,0,1.5446780755953993
50,458474,281,2059,9943,144,131,200,65,0.14316471542138978,1.0,0,0.5,0.44005882352941167,0,1.7442663187054017
51,458335,308,2026,10107,139,131,164,59,0.13787286636963142,1.0,0,0.5,0.442,0,1.6792830942581678
52,458215,276,1991,10297,120,155,190,66,0.1226145531576038,1.0,0,0.5,0.4439411764705882,0,1.4930467632247462
53,458078,258,1981,10465,137,158,168,76,0.1396340467070624,1.0,0,0.5,0.4458823529411764,0,1.6997805186742427
54,457930,287,1911,10658,148,123,193,54,0.1430519102985908,1.0,0,0.5,0.4478235294117647,0,1.7408239229173095
55,457808,272,1894,10815,122,140,157,60,0.12633861055127676,1.0,0,0.5,0.4497647058823529,0,1.537027232807452
56,457663,271,1875,10986,145,152,171,77,0.15613232805009777,1.0,0,0.5,0.4517058823529411,0,1.8988940208957006
57,457521,307,1844,11142,142,125,156,50,0.15145029879269623,1.0,0,0.5,0.45364705882352935,0,1.841379296108382
58,457386,299,1861,11276,135,151,134,69,0.146071391474802,1.0,0,0.5,0.45558823529411757,0,1.7754568513128186
59,457273,254,1898,11400,113,161,124,73,0.14296801163978107,1.0,0,0.5,0.45752941176470585,0,1.737306820312918
60,457170,228,1867,11574,103,143,174,70,0.12025113335696395,1.0,0,0.5,0.4594705882352941,0,1.4609285979179343
61,457038,247,1853,11704,132,116,130,62,0.1329825089577282,1.0,0,0.5,0.46141176470588224,0,1.615135346418053
62,456927,252,1832,11842,111,117,138,52,0.13427527868453204,1.0,0,0.5,0.4633529411764706,0,1.6304405666358184
63,456801,247,1817,11992,126,135,150,57,0.12370851121002809,1.0,0,0.5,0.46529411764705875,0,1.5017191357727502
64,456724,205,1748,12183,77,122,191,59,0.09134178167832245,1.0,0,0.5,0.46723529411764697,0,1.1086268704398512
65,456598,211,1744,12317,126,130,134,64,0.1318909378102662,1.0,0,0.5,0.46917647058823525,0,1.6003355385309486
66,456494,238,1665,12476,104,80,159,42,0.10978885114519205,1.0,0,0.5,0.4711176470588235,0,1.331850269003115
67,456402,197,1648,12629,92,136,153,52,0.11335475381761635,1.0,0,0.5,0.4730588235294117,0,1.3748311561492896
68,456302,199,1619,12765,100,107,136,48,0.11380091417353158,1.0,0,0.5,0.475,0,1.3799400254691114
69,456220,189,1570,12909,82,95,144,44,0.10932153296407189,1.0,0,0.5,0.4769411764705882,0,1.3253852151368597
70,456108,198,1577,13011,112,109,102,51,0.1135290038435261,1.0,0,0.5,0.4788823529411764,0,1.3760575749837631
71,456005,219,1536,13137,103,85,126,46,0.13010766322000397,1.0,0,0.5,0.48082352941176465,0,1.5766473675120996
72,455907,202,1541,13250,98,118,113,57,0.1474519181157416,1.0,0,0.5,0.4827647058823528,0,1.7864414023689779
73,455808,210,1523,13374,99,106,124,55,0.1311686857652893,1.0,0,0.5,0.48470588235294115,0,1.5888181743154188
74,455697,223,1522,13476,111,101,102,50,0.12870856677213496,1.0,0,0.5,0.4866470588235293,0,1.558639622314176
75,455605,204,1514,13598,92,114,122,54,0.12376172092816824,1.0,0,0.5,0.48858823529411755,0,1.4984315536906965
76,455506,196,1499,13727,99,114,129,58,0.13562222394420792,1.0,0,0.5,0.4905294117647058,0,1.6416744991785976
77,455398,212,1451,13870,108,95,143,42,0.1356086790399244,1.0,0,0.5,0.49247058823529405,0,1.6411213409140153
78,455293,214,1419,14008,105,106,138,39,0.1337296099356022,1.0,0,0.5,0.4944117647058823,0,1.618007906826467
79,455212,188,1413,14125,81,111,117,64,0.10596901572813124,1.0,0,0.5,0.49635294117647055,0,1.281901604547452
80,455153,149,1424,14222,59,108,97,48,0.09883492049409318,1.0,0,0.5,0.4982941176470588,0,1.1954458683223528
81,455064,156,1393,14338,89,85,116,41,0.11646961523007238,1.0,0,0.5,0.500235294117647,0,1.4084687290742586
82,454992,162,1351,14449,72,69,111,38,0.10764139594793692,1.0,0,0.5,0.5021764705882353,0,1.301502990810169
83,454918,153,1343,14549,74,92,100,51,0.104204244005067,1.0,0,0.5,0.5041176470588234,0,1.259739121918099
84,454862,137,1270,14697,56,75,148,44,0.12048476288155582,1.0,0,0.5,0.5060588235294117,0,1.4563772036440361
85,454775,154,1246,14804,87,83,107,38,0.12054169549280301,1.0,0,0.5,0.5079999999999999,0,1.4567866966780907
86,454704,185,1185,14924,71,59,120,32,0.12895508426973934,1.0,0,0.5,0.5099411764705881,0,1.5582220038997157
87,454637,160,1184,15025,67,100,101,54,0.11959761975162235,1.0,0,0.5,0.5118823529411765,0,1.4449386306313188
88,454561,149,1199,15100,76,90,75,52,0.13580680300870207,1.0,0,0.5,0.5138235294117647,0,1.6404983051549553
89,454485,153,1181,15193,76,75,93,41,0.131367979866291,1.0,0,0.5,0.5157647058823529,0,1.5866135693114292
90,454410,167,1152,15301,75,79,108,45,0.11319029178450385,1.0,0,0.5,0.5177058823529411,0,1.366844621299962
91,454350,164,1132,15400,60,79,99,40,0.10348302944726384,1.0,0,0.5,0.5196470588235294,0,1.2494582674121382
92,454288,136,1137,15488,62,93,88,50,0.11270754918005199,1.0,0,0.5,0.5215882352941176,0,1.360649792558433
93,454203,159,1122,15579,85,76,91,44,0.13972976464010212,1.0,0,0.5,0.5235294117647059,0,1.6865569649375372
94,454152,160,1087,15679,51,65,100,33,0.09864337260747362,1.0,0,0.5,0.525470588235294,0,1.190505022450762
95,454095,121,1088,15777,57,99,98,50,0.13295039698428804,1.0,0,0.5,0.5274117647058822,0,1.6043475186652751
96,454029,124,1052,15879,66,66,102,36,0.12241572623002606,1.0,0,0.5,0.5293529411764706,0,1.4770081616231938
97,453972,139,1021,15970,57,60,91,29,0.1072056165421,1.0,0,0.5,0.5312941176470587,0,1.2933280437915549
98,453903,142,1009,16051,69,69,81,39,0.12326505966437162,1.0,0,0.5,0.533235294117647,0,1.4868430663581196
99,453852,121,987,16148,51,75,97,39,0.12891890133619022,1.0,0,0.5,0.5351764705882353,0,1.5548658956190806
100,453768,142,981,16226,84,72,78,41,0.11716185066619225,1.0,0,0.5,0.5371176470588234,0,1.4128048513299043
101,453719,140,948,16313,49,54,87,22,0.11003028595252447,1.0,0,0.5,0.5390588235294117,0,1.326665075186537
102,453671,103,944,16410,48,93,97,48,0.09252137140234276,1.0,0,0.5,0.5409999999999999,0,1.1154373145238266
103,453625,110,914,16492,46,52,82,32,0.11600197491262454,1.0,0,0.5,0.5429411764705881,0,1.3983775814220902
104,453565,123,894,16568,60,56,76,24,0.12688711911737408,1.0,0,0.5,0.5448823529411764,0,1.5293932175562623
105,453511,131,872,16649,54,59,81,26,0.12525735630054452,1.0,0,0.5,0.5468235294117646,0,1.5095696479120095
106,453477,99,873,16717,34,69,68,44,0.10838250546549051,1.0,0,0.5,0.5487647058823528,0,1.3061003316202
107,453420,92,856,16801,57,67,84,31,0.1361601794059403,1.0,0,0.5,0.5507058823529412,0,1.6406384146146367
108,453371,121,839,16855,49,37,54,20,0.11290499545570076,1.0,0,0.5,0.5526470588235294,0,1.3602820995076979
109,453322,113,820,16934,49,60,79,37,0.12525664285284102,1.0,0,0.5,0.5545882352941176,0,1.5089319424159984
110,453271,101,830,16990,51,66,56,41,0.12280070835660159,1.0,0,0.5,0.5565294117647058,0,1.4791795519545186
111,453212,122,808,17064,59,52,74,28,0.12388927742056455,1.0,0,0.5,0.5584705882352939,0,1.4920975213160266
112,453154,129,802,17124,58,54,60,35,0.12996898129626488,1.0,0,0.5,0.5604117647058823,0,1.5651199285663162
113,453108,105,811,17188,46,73,64,43,0.12677746052843275,1.0,0,0.5,0.5623529411764705,0,1.52653183882351
114,453049,123,810,17250,59,61,62,28,0.14134976951068287,1.0,0,0.5,0.5642941176470587,0,1.7017759011096734
115,453000,126,777,17332,49,49,82,32,0.12628861898162477,1.0,0,0.5,0.566235294117647,0,1.520283229020535
116,452948,102,800,17388,52,79,56,53,0.14080366824948126,1.0,0,0.5,0.5681764705882352,0,1.694823215063439
117,452895,113,794,17446,53,52,58,28,0.122426475427685,1.0,0,0.5,0.5701176470588234,0,1.473448500805239
118,452837,119,800,17495,58,55,49,32,0.1295054753635121,1.0,0,0.5,0.5720588235294117,0,1.5584473091694868
119,452800,96,787,17571,37,63,76,37,0.10425874204918198,1.0,0,0.5,0.574,0,1.254529815315671
