Day,Susceptible,Infected,Recovered,New_Infections,New_Recoveries,Reported_Cases,Beta_Effective,Season_Index,Intervention_Flag,Quarantine_Fraction,Reporting_Prob,MultiWave_Flag
0,258466,265,27,33,27,14,0.24605900095340036,1.0,0,0.5,0.38569012752050963,0
1,258437,272,49,29,22,6,0.27878612357320565,1.0261321158169134,0,0.5,0.40068456220302956,0
2,258407,278,73,30,24,12,0.27400029609227106,1.05197792270444,0,0.5,0.39540694013046496,0
3,258360,304,94,47,21,16,0.2689259949387061,1.0772542485937369,0,0.5,0.46482011249931765,0
4,258319,321,118,41,24,18,0.3030711455917895,1.10168416076895,0,0.5,0.39121544568040495,0
5,258275,344,139,44,21,22,0.30923694636274435,1.125,0,0.5,0.4283602531902157,0
6,258220,369,169,55,30,25,0.3064304241366072,1.1469463130731183,0,0.5,0.39546077583721856,0
7,258158,413,187,62,18,23,0.3077936405649388,1.1672826515897146,0,0.5,0.4275095979786114,0
8,258097,445,216,61,29,29,0.3123964379221803,1.1857862063693485,0,0.5,0.42460140508607025,0
9,258015,505,238,82,22,30,0.31832585962165233,1.2022542485937369,0,0.5,0.4565987972486976,0
10,257922,559,277,93,39,34,0.32463050588939163,1.2165063509461096,0,0.5,0.4106719328360012,0
11,257832,612,314,90,37,37,0.30901492160980804,1.2283863644106503,0,0.5,0.46915803309280313,0
12,257701,705,352,131,38,67,0.3532906905896984,1.2377641290737884,0,0.5,0.4753428604914221,0
13,257595,755,408,106,56,59,0.3453620175206967,1.2445369001834514,0,0.5,0.5506430922412022,0
14,257454,841,463,141,55,71,0.34390458702091237,1.2486304738420684,0,0.5,0.4933976439971406,0
15,257307,875,576,147,64,72,0.3356414221987971,1.25,0,0.5,0.4746646267173916,0
16,257139,974,645,168,69,63,0.3565721383242784,1.2486304738420684,0,0.5,0.41231214029630114,0
17,256975,1062,721,164,76,60,0.3453154805923226,1.2445369001834514,0,0.5,0.3656403219026897,0
18,256781,1160,817,194,96,92,0.358223161948918,1.2377641290737884,0,0.5,0.49002618517122426,0
19,256609,1259,890,172,73,85,0.30491889538748246,1.2283863644106503,0,0.5,0.5419597099023332,0
20,256402,1371,985,207,95,88,0.33657056489250975,1.2165063509461096,0,0.5,0.40269099352910764,0
21,256170,1487,1101,232,116,113,0.33014807219795816,1.2022542485937369,0,0.5,0.49939529451468684,0
22,255928,1629,1201,242,100,123,0.3407236265113875,1.1857862063693485,0,0.5,0.5207356087054673,0
23,255658,1777,1323,270,122,103,0.30323820712379523,1.1672826515897146,0,0.5,0.3726425004754039,0
24,255382,1906,1470,276,147,122,0.3284790515814848,1.1469463130731183,0,0.5,0.4044999192153856,0
25,255111,2039,1608,271,138,166,0.3468294223710171,1.125,0,0.5,0.5758921299997947,0
26,254791,2214,1753,320,145,162,0.3240863519124659,1.10168416076895,0,0.5,0.4863905733162285,0
27,254480,2352,1926,311,173,124,0.27008245572692346,1.0772542485937369,0,0.5,0.4072200288672101,0
28,254089,2546,2123,391,197,187,0.3080993987645758,1.05197792270444,0,0.5,0.5086280957462446,0
29,253716,2720,2322,373,199,200,0.27907215973761107,1.0261321158169132,0,0.5,0.5472516497751538,0
30,253342,2878,2538,374,216,201,0.30385847913451364,1.0000000000000002,0,0.5,0.5446036601313512,0
31,252902,3086,2770,440,232,204,0.30182938510510654,0.9738678841830868,0,0.5,0.45671297504428565,0
32,252502,3248,3008,400,238,209,0.2639357312698643,0.9480220772955602,0,0.5,0.5012233628401668,0
33,252114,3362,3282,388,274,172,0.2707341079496335,0.9227457514062631,0,0.5,0.42856882405948993,0
34,251629,3598,3531,485,249,259,0.2745765154070823,0.89831583923105,0,0.5,0.5415470838600679,0
35,251200,3706,3852,429,280,185,0.25992664604919463,0.8750000000000001,0,0.5,0.48898843807285397,0
36,250709,3927,4122,491,270,256,0.2807915454044917,0.8530536869268818,0,0.5,0.49479576901136607,0
37,250236,4101,4421,473,299,219,0.25983958794431805,0.8327173484102854,0,0.5,0.44895734542175075,0
38,249696,4317,4745,540,324,209,0.25503742389475154,0.8142137936306515,0,0.5,0.402957840988136,0
39,249134,4550,5074,562,329,294,0.2646892266885834,0.7977457514062631,0,0.5,0.5313533197192337,0
40,248594,4725,5439,540,365,266,0.24562875932139347,0.7834936490538904,0,0.5,0.4853492677999481,0
41,248086,4863,5809,508,370,227,0.2332382778125711,0.7716136355893499,0,0.5,0.44900616999947,0
42,247491,5114,6153,595,344,283,0.25866147273960494,0.7622358709262116,0,0.5,0.4739128626559557,0
43,246891,5308,6559,600,406,304,0.2406518650887457,0.7554630998165486,0,0.5,0.5061292092420597,0
44,246211,5561,6986,680,427,302,0.26977799805305847,0.7513695261579316,0,0.5,0.4198373419361912,0
45,245544,5821,7393,667,407,310,0.23872159870190332,0.75,0,0.5,0.44472855089956365,0
46,244822,6078,7858,722,465,403,0.24827510815963036,0.7513695261579316,0,0.5,0.5210787064593587,0
47,244099,6318,8341,723,483,337,0.25048044022281096,0.7554630998165486,0,0.5,0.46156190146832987,0
48,243376,6566,8816,723,475,334,0.24525335304743612,0.7622358709262116,0,0.5,0.4784126909373632,0
49,242585,6853,9320,791,504,408,0.2597413782302514,0.7716136355893497,0,0.5,0.5104314909079921,0
50,241729,7166,9863,856,543,407,0.2765610407891589,0.7834936490538904,0,0.5,0.4709739695444754,0
51,240788,7568,10402,941,539,475,0.27666537495069277,0.7977457514062631,0,0.5,0.5064118755674879,0
52,239763,8010,10985,1025,583,510,0.28361715765971557,0.8142137936306515,0,0.5,0.4816725220862085,0
53,238678,8475,11605,1085,620,542,0.3011290079867528,0.8327173484102854,0,0.5,0.5058730677174598,0
54,237467,8975,12316,1211,650,553,0.32012288234525915,0.8530536869268817,0,0.5,0.47844334269449473,0
55,236215,9541,13002,1252,686,583,0.31444093066008294,0.8750000000000001,0,0.5,0.47814133489571503,0
56,234803,10201,13754,1412,752,662,0.32614561633187106,0.89831583923105,0,0.5,0.47067355863260524,0
57,233287,10962,14509,1516,755,731,0.3152180151191464,0.9227457514062631,0,0.5,0.49183095129219345,0
58,231879,11538,15341,1408,832,752,0.29103119899708135,0.9480220772955602,0,0.5,0.534095866518733,0
59,229951,12562,16245,1928,904,995,0.37467141320383496,0.9738678841830867,0,0.5,0.5270525474295369,0
60,228031,13564,17163,1920,918,1036,0.3429371298360029,0.9999999999999997,0,0.5,0.5320895820408511,0
61,225868,14696,18194,2163,1031,1122,0.3505644036799372,1.0261321158169132,0,0.5,0.5190447648469705,0
62,223375,16030,19353,2493,1159,1368,0.39201853363935363,1.0519779227044397,0,0.5,0.547980603210462,0
63,220779,17382,20597,2596,1244,1392,0.3729161290405657,1.0772542485937369,0,0.5,0.5409538634393158,0
64,217862,18949,21947,2917,1350,1343,0.3973629194559702,1.1016841607689498,0,0.5,0.44752881111041154,0
65,214560,20776,23422,3302,1475,1924,0.41478145072777584,1.1249999999999998,0,0.5,0.5735295640688715,0
66,211125,22706,24927,3435,1505,1901,0.4100008507518298,1.1469463130731183,0,0.5,0.5570166317002107,0
67,207050,25112,26596,4075,1669,1819,0.44324978420656025,1.1672826515897143,0,0.5,0.45647676869644654,0
68,202466,27759,28533,4584,1937,2224,0.45261214714607906,1.1857862063693485,0,0.5,0.4829703663531003,0
69,197229,30818,30711,5237,2147,2210,0.48971312120630833,1.2022542485937369,0,0.5,0.42224581092177,0
70,191991,33720,33047,5238,2336,3016,0.4362286673113748,1.2165063509461096,0,0.5,0.572773804405975,0
71,185716,37360,35682,6275,2635,3224,0.5033112669891381,1.2283863644106503,0,0.5,0.5197294546075605,0
72,179187,41061,38510,6529,2828,3520,0.48096173429339006,1.2377641290737884,0,0.5,0.54537374705704,0
73,172332,44785,41641,6855,3131,3869,0.4849729277534624,1.2445369001834514,0,0.5,0.563118284619024,0
74,164913,48791,45054,7419,3413,4298,0.5015744634986178,1.2486304738420684,0,0.5,0.5750502328898275,0
75,157222,52654,48882,7691,3828,3790,0.503157534718045,1.25,0,0.5,0.49762340408271916,0
76,149722,56110,52926,7500,4044,4757,0.4840485761904989,1.2486304738420684,0,0.5,0.6268585468657862,0
77,141651,59902,57205,8071,4279,4238,0.5081252290377228,1.2445369001834514,0,0.5,0.5211454150175758,0
78,133710,63199,61849,7941,4644,4930,0.4986635041810923,1.2377641290737884,0,0.5,0.620473106793034,0
79,126508,65546,66704,7202,4855,3690,0.4549847619581261,1.22838636441065,0,0.5,0.51476462478053,0
80,119372,67594,71792,7136,5088,3630,0.4651310655982795,1.2165063509461098,0,0.5,0.5201910335473661,0
81,112561,69126,77071,6811,5279,3991,0.4570066106566495,1.2022542485937369,0,0.5,0.5827233578928046,0
82,105833,70696,82229,6728,5158,3444,0.46071369220353725,1.1857862063693487,0,0.5,0.5120045399544435,0
83,99659,71401,87698,6174,5469,2906,0.43025357926472374,1.1672826515897143,0,0.5,0.4837085103797895,0
84,93639,71945,93174,6020,5476,3470,0.4496150977017553,1.1469463130731183,0,0.5,0.5909354858004072,0
85,88504,71664,98590,5135,5416,2856,0.40945885777773505,1.125,0,0.5,0.562106070374594,0
86,83736,70823,104199,4768,5609,2172,0.4070850043251729,1.1016841607689503,0,0.5,0.44621728444431386,0
87,78895,70283,109580,4841,5381,2448,0.43776201402524834,1.0772542485937369,0,0.5,0.5163316980056083,0
88,74921,68915,114922,3974,5342,2298,0.3849981634958626,1.0519779227044401,0,0.5,0.575986785117865,0
89,71323,67150,120285,3598,5284,1967,0.3663919486171861,1.0261321158169132,0,0.5,0.5472402369517096,0
90,67965,65279,125514,3358,5229,1622,0.367981358258699,1.0,0,0.5,0.48717033250563857,0
91,64826,63340,130592,3139,5078,1721,0.3849007945460949,0.9738678841830866,0,0.5,0.5576985334500629,0
92,62116,61187,135455,2710,4863,1485,0.3400165311528365,0.9480220772955604,0,0.5,0.5292780370887903,0
93,59553,59094,140111,2563,4656,1430,0.34920548916999516,0.9227457514062632,0,0.5,0.552710703705769,0
94,57535,56625,144598,2018,4487,997,0.29565066907713794,0.89831583923105,0,0.5,0.4884327616363009,0
95,55545,54207,149006,1990,4408,1137,0.31827945087913123,0.8749999999999998,0,0.5,0.5664706559876519,0
96,54061,51429,153268,1484,4262,871,0.2675066520165584,0.8530536869268818,0,0.5,0.5719695991018655,0
97,52607,48856,157295,1454,4027,741,0.29257526852976445,0.8327173484102858,0,0.5,0.5185994851975426,0
98,51059,46677,161022,1548,3727,867,0.3210275698742407,0.8142137936306516,0,0.5,0.5775816482279736,0
99,49937,44273,164548,1122,3526,736,0.24483427977277394,0.7977457514062631,0,0.5,0.662528678049909,0
100,48836,42004,167918,1101,3370,562,0.2694434684398865,0.7834936490538903,0,0.5,0.5232884958326613,0
101,47701,39780,171277,1135,3359,631,0.2938988785389315,0.7716136355893499,0,0.5,0.5559722870517347,0
102,46831,37602,174325,870,3048,557,0.24535019789260232,0.7622358709262116,0,0.5,0.6426682391023342,0
103,45919,35671,177168,912,2843,604,0.27563141281442977,0.7554630998165487,0,0.5,0.6595488409035308,0
104,45122,33777,179859,797,2691,463,0.24987738591325367,0.7513695261579316,0,0.5,0.5697753447730948,0
105,44415,31894,182449,707,2590,449,0.2537846059802703,0.75,0,0.5,0.6424926676135787,0
106,43777,30052,184929,638,2462,298,0.2394690255506366,0.7513695261579316,0,0.5,0.5025143050683029,0
107,43094,28345,187319,683,2390,427,0.2747008031311193,0.7554630998165486,0,0.5,0.6134376663432837,0
108,42513,26697,189548,581,2229,328,0.2378155012805357,0.7622358709262116,0,0.5,0.5533735449189244,0
109,41947,25323,191488,566,1940,307,0.26253022045819574,0.7716136355893496,0,0.5,0.5570732447875101,0
110,41430,23936,193392,517,1904,276,0.2568728044554093,0.7834936490538904,0,0.5,0.5538957349571537,0
111,40984,22529,195245,446,1853,282,0.2624117778900054,0.7977457514062631,0,0.5,0.626323187184349,0
112,40524,21289,196945,460,1700,286,0.2591494348611,0.8142137936306515,0,0.5,0.6332567388304481,0
113,40096,20064,198598,428,1653,234,0.2567803976082766,0.8327173484102852,0,0.5,0.5280384984847564,0
114,39702,18930,200126,394,1528,196,0.2641748012208918,0.8530536869268817,0,0.5,0.48575980514300127,0
115,39321,17817,201620,381,1494,220,0.270192030141925,0.875,0,0.5,0.5866862902564131,0
116,38949,16801,203008,372,1388,224,0.2846161823655902,0.8983158392310501,0,0.5,0.5772761955131317,0
117,38584,15877,204297,365,1289,210,0.28634895727148646,0.922745751406263,0,0.5,0.5622243622233205,0
118,38278,14969,205511,306,1214,176,0.2510590335492174,0.9480220772955602,0,0.5,0.5687300921545799,0
119,38000,14047,206711,278,1200,155,0.269237523472584,0.9738678841830863,0,0.5,0.584012092391472,0
120,37705,13246,207807,295,1096,169,0.299957729686453,0.9999999999999994,0,0.5,0.5813606504266733,0
121,37414,12560,208784,291,944,183,0.30262388974765003,1.0261321158169134,0,0.5,0.6352865697626545,0
122,37148,11838,209772,266,988,160,0.29173720437487455,1.0519779227044395,0,0.5,0.6018152724974891,0
123,36831,11216,210711,317,939,176,0.3452337165304648,1.0772542485937366,0,0.5,0.5828993966102818,0
124,36581,10593,211584,250,873,112,0.3324712126021736,1.1016841607689496,0,0.5,0.5545451058943544,0
125,36350,10041,212367,231,783,144,0.3249414054644716,1.1249999999999998,0,0.5,0.6267672662624759,0
126,36161,9454,213143,189,776,142,0.30694570356150375,1.1469463130731181,0,0.5,0.6728385013660867,0
127,35961,8931,213866,200,723,102,0.3133589614033043,1.1672826515897146,0,0.5,0.583466524872589,0
128,35753,8430,214575,208,709,151,0.351800139216942,1.1857862063693483,0,0.5,0.6513464914135046,0
129,35563,7941,215254,190,679,103,0.3453474710922364,1.2022542485937369,0,0.5,0.5893051826311256,0
130,35373,7489,215896,190,642,123,0.3460687333683782,1.2165063509461094,0,0.5,0.6679120200397107,0
131,35201,7055,216502,172,606,104,0.3563611204260844,1.2283863644106503,0,0.5,0.5859957855599507,0
132,35036,6651,217071,165,569,93,0.34248378728310364,1.2377641290737884,0,0.5,0.5507907295201813,0
133,34877,6292,217589,159,518,109,0.36134997068844726,1.2445369001834514,0,0.5,0.7066723972843745,0
134,34749,5927,218082,128,493,82,0.32441526978365326,1.2486304738420684,0,0.5,0.6823057383738543,0
135,34619,5634,218505,130,423,76,0.3327276169843005,1.25,0,0.5,0.6049054269835755,0
136,34480,5314,218964,139,459,70,0.33444985504080726,1.2486304738420684,0,0.5,0.5131218511615976,0
137,34365,5003,219390,115,426,73,0.31943889353351035,1.2445369001834514,0,0.5,0.6164217767891115,0
138,34258,4686,219814,107,375,57,0.3144760707433833,1.2377641290737884,0,0.5,0.5849902473788705,0
139,34155,4451,220152,103,338,60,0.3258465031407989,1.2283863644106503,0,0.5,0.547065872799386,0
140,34064,4209,220485,91,333,49,0.32502286633327776,1.2165063509461098,0,0.5,0.5918752368066303,0
141,33995,3967,220796,69,311,35,0.33070174994622925,1.2022542485937369,0,0.5,0.5465686114595812,0
142,33921,3728,221109,74,313,43,0.3099738356292385,1.1857862063693485,0,0.5,0.6858885568813391,0
143,33853,3519,221386,68,277,47,0.310384676258502,1.1672826515897143,0,0.5,0.7018779754031449,0
144,33789,3309,221660,64,274,45,0.30434751079345523,1.1469463130731183,0,0.5,0.6736701504931546,0
145,33714,3148,221896,75,236,46,0.3018310044526978,1.1250000000000004,0,0.5,0.5927980693270665,0
146,33656,2957,222145,58,249,29,0.2832175141160493,1.1016841607689503,0,0.5,0.6232439717133285,0
147,33593,2780,222385,63,240,44,0.26337566891672326,1.077254248593737,0,0.5,0.6405199617512628,0
148,33543,2637,222578,50,193,27,0.28625289236628465,1.05197792270444,0,0.5,0.6186068652203142,0
149,33503,2482,222773,40,195,26,0.23555284549513017,1.0261321158169137,0,0.5,0.6800537483300366,0
150,33457,2329,222972,46,199,29,0.27348334591472473,1.0000000000000002,0,0.5,0.618237538540324,0
151,33420,2175,223163,37,191,26,0.27084839808636124,0.9738678841830871,0,0.5,0.6419822092799644,0
