Day,Susceptible,Exposed,Infected,Recovered,New_Exposed,New_Infections,New_Recoveries,Reported_Cases,Beta_Effective,Season_Index,Intervention_Flag,Quarantine_Fraction,Reporting_Prob,MultiWave_Flag,Rt
0,887156,1459,4110,360,1459,1,360,0,0.3373758861421924,1.0,0,0.0,0.54,0,4.189206189540441
1,885730,2885,3804,667,1426,1,307,1,0.33653225756679184,1.0,0,0.0,0.5429411764705883,0,4.172014005606339
2,884729,3887,3524,948,1001,1,281,1,0.26422741767702157,1.0,0,0.0,0.5458823529411765,0,3.2719438906918836
3,883625,4991,3193,1280,1104,1,332,1,0.32703906659705967,1.0,0,0.0,0.5488235294117647,0,4.044690858052362
4,882758,5869,2947,1528,867,2,248,1,0.2917423107592686,1.0,0,0.0,0.5517647058823529,0,3.6046141622908707
5,881854,5325,4201,1735,904,1461,207,785,0.31617247489714817,1.0,0,0.0,0.5547058823529412,0,3.9024599264731776
6,880444,5309,5230,2134,1410,1428,399,849,0.3469769236578155,1.0,0,0.0,0.5576470588235295,0,4.2758261061247
7,879100,5663,5909,2459,1344,1004,325,568,0.26639932108851944,1.0,0,0.0,0.5605882352941177,0,3.2778501681941092
8,877272,6397,6591,2883,1828,1106,424,620,0.3128302345329222,1.0,0,0.0,0.563529411764706,0,3.8411449190272937
9,874807,7999,6990,3364,2465,880,481,491,0.37919829419571177,1.0,0,0.0,0.5664705882352942,0,4.642974823063509
10,872759,9132,7395,3876,2048,917,512,529,0.29934528599552707,1.0,0,0.0,0.5694117647058824,0,3.6566590105209897
11,871015,9466,8321,4362,1744,1412,486,819,0.24270266310659916,1.0,0,0.0,0.5723529411764706,0,2.958815465647611
12,868491,10647,8979,5062,2524,1358,700,823,0.3163329399257418,1.0,0,0.0,0.5752941176470588,0,3.84527535104547
13,866120,11180,10249,5632,2371,1840,570,1064,0.2814624122895402,1.0,0,0.0,0.5782352941176471,0,3.41205620820965
14,863183,11650,12029,6334,2937,2482,702,1459,0.2943801655218235,1.0,0,0.0,0.5811764705882353,0,3.556551713159459
15,859649,13136,13097,7316,3534,2050,982,1202,0.3022907826113461,1.0,0,0.0,0.5841176470588235,0,3.6371714332171035
16,856343,14703,13908,8251,3306,1746,935,1033,0.2565470125078226,1.0,0,0.0,0.5870588235294119,0,3.0749100634988746
17,852375,16134,15480,9218,3968,2539,967,1489,0.2985487899325949,1.0,0,0.0,0.5900000000000001,0,3.5617523774190842
18,848065,18073,16778,10293,4310,2373,1075,1423,0.293637592254852,1.0,0,0.0,0.5929411764705883,0,3.4854471230535293
19,843269,19936,18424,11599,4796,2952,1306,1810,0.3051385462181168,1.0,0,0.0,0.5958823529411765,0,3.601479210393495
20,837675,21996,20744,12815,5594,3536,1216,2110,0.31965689188375723,1.0,0,0.0,0.5988235294117648,0,3.747807973672218
21,832316,24049,22583,14289,5359,3313,1474,1986,0.27469997269094026,1.0,0,0.0,0.601764705882353,0,3.200107471276955
22,825912,26486,24973,15869,6404,3970,1580,2396,0.30737995647190397,1.0,0,0.0,0.6047058823529412,0,3.5532603121546114
23,818913,29175,27621,17533,6999,4312,1664,2613,0.307234509852402,1.0,0,0.0,0.6076470588235294,0,3.5214819402032744
24,811310,31982,30115,19854,7603,4815,2321,2998,0.29639977098370035,1.0,0,0.0,0.6105882352941177,0,3.3657542039268695
25,804201,33497,33502,22063,7109,5596,2209,3413,0.2645094985706438,1.0,0,0.0,0.6135294117647059,0,2.9773067715356327
26,795520,36819,36820,24111,8681,5366,2048,3263,0.29205733956616986,1.0,0,0.0,0.6164705882352941,0,3.251898124528032
27,786474,39467,40250,27088,9046,6407,2977,3910,0.27308420747272333,1.0,0,0.0,0.6194117647058823,0,3.006067024321097
28,776825,42117,44639,29700,9649,7001,2612,4357,0.2786404536847482,1.0,0,0.0,0.6223529411764707,0,3.0295984257031603
29,766350,44981,49056,32905,10475,7622,3205,4812,0.270745455586884,1.0,0,0.0,0.6252941176470589,0,2.9040630541053325
30,754314,49908,52491,36581,12036,7111,3676,4513,0.2913897094526344,1.0,0,0.0,0.6282352941176471,0,3.0764090681287324
31,743367,52169,57295,40465,10947,8688,3884,5554,0.24803323454777232,1.0,0,0.0,0.6311764705882353,0,2.580660406328994
32,732619,53878,62712,44103,10748,9055,3638,5719,0.22376194752996417,1.0,0,0.0,0.6341176470588236,0,2.294468580747371
33,718457,58391,68264,48202,14162,9651,4099,6136,0.2774950175732771,1.0,0,0.0,0.6370588235294118,0,2.790446333164685
34,708215,58149,76016,50936,10242,10486,2734,6729,0.18703461167242763,1.0,0,0.0,0.64,0,1.8539789860974492
35,690687,63657,82399,56591,17528,12038,5655,7784,0.2918702244743571,1.0,0,0.0,0.6429411764705882,0,2.8215566751212693
36,670718,72692,88303,61636,19969,10949,5045,7003,0.32209939514282615,1.0,0,0.0,0.6458823529411765,0,3.0237617921635325
37,650925,81723,91689,69014,19793,10764,7378,7023,0.30313370157960356,1.0,0,0.0,0.6488235294117648,0,2.76174056276766
38,630917,87569,99344,75523,20008,14164,6509,9296,0.3040586010493125,1.0,0,0.0,0.651764705882353,0,2.6850181561620894
39,608518,99728,102432,82679,22399,10244,7156,6719,0.3259223647571944,1.0,0,0.0,0.6547058823529412,0,2.7759094547282004
40,588798,101904,111806,90851,19720,17546,8172,11543,0.2890164149217792,1.0,0,0.0,0.6576470588235295,0,2.3818068495392617
41,567686,103040,122651,99990,21112,19984,9139,13128,0.2921257777492305,1.0,0,0.0,0.6605882352941177,0,2.321110252050054
42,542305,108628,132059,110377,25381,19795,10387,13133,0.33171234527164817,1.0,0,0.0,0.6635294117647059,0,2.517809962480309
43,521067,109859,142461,119985,21238,20010,9608,13186,0.27039294395250557,1.0,0,0.0,0.6664705882352941,0,1.9719987163371562
44,493211,115315,155474,129375,27856,22403,9390,15052,0.3430336483946813,1.0,0,0.0,0.6694117647058824,0,2.368029893582087
45,471311,117495,163006,141565,21900,19722,12190,13178,0.26171537389115757,1.0,0,0.0,0.6723529411764706,0,1.7264520272451325
46,447035,120653,172503,153188,24276,21120,11623,14068,0.2912745748950476,1.0,0,0.0,0.6752941176470588,0,1.8224759595431057
47,423143,119165,184595,166479,23892,25383,13291,17139,0.2843499710039023,1.0,0,0.0,0.678235294117647,0,1.6840619104768455
48,398997,122075,190316,181999,24146,21241,15520,14417,0.28345187915942033,1.0,0,0.0,0.6811764705882353,0,1.5829480965532248
49,373692,119524,203621,196553,25305,27859,14554,19034,0.3062728630514208,1.0,0,0.0,0.6841176470588235,0,1.6019170472683917
50,352364,118959,209541,212535,21328,21902,15982,15025,0.26037104731997074,1.0,0,0.0,0.6870588235294118,0,1.2841091056084053
51,325340,121707,219958,226396,27024,24278,13861,16907,0.33559049029430743,1.0,0,0.0,0.6900000000000001,0,1.5281458702701816
52,299261,123893,225154,245095,26079,23895,18699,16546,0.3388654079994137,1.0,0,0.0,0.6929411764705883,0,1.4193681790194503
53,279952,119057,232237,262163,19309,24151,17068,16832,0.26284074005326596,1.0,0,0.0,0.6958823529411765,0,1.0298973957011868
54,260184,113519,239662,280046,19768,25308,17883,17561,0.28289333025384833,1.0,0,0.0,0.6988235294117647,0,1.0301987024564216
55,242569,109799,245438,295607,17615,21337,15561,14827,0.2597814183900607,1.0,0,0.0,0.701764705882353,0,0.8819847695941624
56,224557,100803,253039,315032,18012,27026,19425,19019,0.27917182722890677,1.0,0,0.0,0.7047058823529412,0,0.8774368929328263
57,209651,89638,262390,331762,14906,26081,16730,18381,0.24132359214541768,1.0,0,0.0,0.7076470588235294,0,0.7081323315734993
58,193708,86271,259718,353749,15943,19315,21987,13746,0.27357369482235266,1.0,0,0.0,0.7105882352941177,0,0.741719329825754
59,179347,80872,259921,373316,14361,19770,19567,14074,0.2675053502168422,1.0,0,0.0,0.713529411764706,0,0.6714973345919868
60,164984,77623,258155,392699,14363,17617,19383,12484,0.28686843679643625,1.0,0,0.0,0.7164705882352942,0,0.662433519361326
61,152311,72268,255825,413059,12673,18030,20360,13083,0.2806092372603991,1.0,0,0.0,0.7194117647058824,0,0.5982062372683958
62,139574,70094,250251,433549,12737,14916,20490,10713,0.3023373346008843,1.0,0,0.0,0.7223529411764706,0,0.5906279691997594
63,131059,62671,245806,453942,8515,15948,20393,11537,0.22903019143890935,1.0,0,0.0,0.7252941176470589,0,0.4201238049807188
64,122295,57066,241577,472542,8764,14371,18600,10436,0.25508523610640693,1.0,0,0.0,0.7282352941176471,0,0.43662814681531964
65,114290,50722,240728,487759,8005,14368,15217,10516,0.2520486794755158,1.0,0,0.0,0.7311764705882353,0,0.4031905674222231
66,106217,46122,236083,505079,8073,12675,17320,9288,0.27536342426125265,1.0,0,0.0,0.7341176470588235,0,0.40937186248378477
67,99042,40557,230384,523520,7175,12742,18441,9399,0.26756191095430604,1.0,0,0.0,0.7370588235294118,0,0.3709038957244836
68,91021,40061,224209,538220,8021,8525,14700,6305,0.3217903182049576,1.0,0,0.0,0.74,0,0.4099513113174887
69,83756,38579,221568,549627,7265,8766,11407,6516,0.3288884760061306,1.0,0,0.0,0.7429411764705882,0,0.38555140384848274
70,77821,36492,211162,568057,5935,8024,18430,5994,0.2998416783963295,1.0,0,0.0,0.7458823529411764,0,0.3265927288821762
71,71832,34422,201974,585320,5989,8075,17263,6022,0.335824553046502,1.0,0,0.0,0.7488235294117648,0,0.33763550369333023
72,68359,30720,194183,600288,3473,7177,14968,5316,0.22288078402959008,1.0,0,0.0,0.751764705882353,0,0.2132485230319705
73,64140,26912,185111,617389,4219,8029,17101,5989,0.2970793872105329,1.0,0,0.0,0.7547058823529412,0,0.26669764400218204
74,59721,24052,180098,629686,4419,7284,12297,5637,0.3440934452715452,1.0,0,0.0,0.7576470588235295,0,0.28762138618906435
75,55986,21852,174102,641619,3735,5937,11933,4567,0.31864043013698196,1.0,0,0.0,0.7605882352941177,0,0.24968820292448793
76,52517,19318,167624,654102,3469,6005,12483,4562,0.3259822938108084,1.0,0,0.0,0.7635294117647059,0,0.23961368869084856
77,49561,18808,157400,667801,2956,3475,13699,2660,0.2975968497766006,1.0,0,0.0,0.7664705882352941,0,0.2064363132664187
78,46815,17343,150798,678624,2746,4221,10823,3283,0.3371896744892625,1.0,0,0.0,0.7694117647058824,0,0.22094134777936375
79,44381,15355,143455,690391,2434,4424,11767,3413,0.32241871308293346,1.0,0,0.0,0.7723529411764707,0,0.20027882183162043
80,42750,13251,136226,701357,1631,3737,10966,2879,0.23115620604668485,1.0,0,0.0,0.7752941176470589,0,0.13831184704484373
81,40857,11688,129046,712008,1893,3471,10651,2716,0.29477061137847577,1.0,0,0.0,0.7782352941176471,0,0.16856537107778197
82,38938,10644,120977,723042,1919,2965,11034,2332,0.33771378786434697,1.0,0,0.0,0.7811764705882354,0,0.18405182871742665
83,37247,9586,113050,733725,1691,2756,10683,2198,0.317934780778917,1.0,0,0.0,0.7841176470588236,0,0.16574752178507737
84,35897,8502,107855,741356,1350,2436,7631,1948,0.29460291362884417,1.0,0,0.0,0.7870588235294118,0,0.14801744279561915
85,34658,8110,99680,751164,1239,1633,9808,1324,0.2878184390483534,1.0,0,0.0,0.79,0,0.13961748643657584
86,33630,7236,93816,758936,1028,1908,7772,1510,0.28495969326152026,1.0,0,0.0,0.7929411764705883,0,0.13413064286764914
87,32485,6462,88169,766504,1145,1921,7568,1531,0.3351585919406758,1.0,0,0.0,0.7958823529411765,0,0.15238805727110852
88,31648,5603,83091,773280,837,1698,6776,1345,0.27088708973618675,1.0,0,0.0,0.7988235294117647,0,0.11999199705697951
89,30793,5111,78094,779629,855,1352,6349,1075,0.293143525878383,1.0,0,0.0,0.8017647058823529,0,0.12634265915038573
90,30084,4581,73649,785315,709,1241,5686,1032,0.2847412302051845,1.0,0,0.0,0.8047058823529412,0,0.11989570927108718
91,29478,4155,68686,791312,606,1034,5997,838,0.23694810800705485,1.0,0,0.0,0.8076470588235294,0,0.0977617492843893
92,28760,3736,64543,796602,718,1147,5290,949,0.316016007192482,1.0,0,0.0,0.8105882352941176,0,0.12720836403484698
93,28296,3363,60766,801218,464,839,4616,689,0.2215453952966641,1.0,0,0.0,0.8135294117647058,0,0.08774158569230898
94,27650,3162,56674,806170,646,860,4952,702,0.3056051416311501,1.0,0,0.0,0.8164705882352942,0,0.11826970035995074
95,27093,3020,53116,810439,557,711,4269,570,0.3197334084958684,1.0,0,0.0,0.8194117647058824,0,0.12124471545199783
96,26607,2900,49557,814606,486,608,4167,501,0.2930857614238671,1.0,0,0.0,0.8223529411764706,0,0.1091461281106373
97,26224,2557,46964,817927,383,728,3321,602,0.2641444411265838,1.0,0,0.0,0.8252941176470588,0,0.09695229989709163
98,25770,2561,44139,821218,454,466,3291,391,0.32626582579187857,1.0,0,0.0,0.8282352941176471,0,0.11768028442252787
99,25400,2274,41326,824690,370,659,3472,541,0.30836581363204896,1.0,0,0.0,0.8311764705882354,0,0.1096270292919541
100,25071,2038,38899,827686,329,569,2996,470,0.31030454955965775,1.0,0,0.0,0.8341176470588236,0,0.10888736896543577
101,24691,1932,36490,830583,380,488,2897,422,0.3325291465670691,1.0,0,0.0,0.8370588235294119,0,0.11491748197660444
102,24459,1793,34110,833348,232,385,2765,333,0.24426205582397642,1.0,0,0.0,0.8400000000000001,0,0.08362043244810453
103,24169,1615,32229,835699,290,470,2351,394,0.2975184356695473,1.0,0,0.0,0.8429411764705883,0,0.10064455123618393
104,23848,1566,30136,838164,321,372,2465,310,0.3360932276257715,1.0,0,0.0,0.8458823529411765,0,0.11218361448110423
105,23657,1428,28068,840565,191,333,2401,282,0.25486717138391396,1.0,0,0.0,0.8488235294117648,0,0.08439005560268201
106,23440,1275,25913,843102,217,382,2537,339,0.2934320361687141,1.0,0,0.0,0.851764705882353,0,0.09626819716558938
107,23233,1238,24357,844904,207,246,1802,219,0.2974023917423871,1.0,0,0.0,0.8547058823529412,0,0.09670912488846065
108,23009,1178,22727,846826,224,292,1922,253,0.35249691416596785,1.0,0,0.0,0.8576470588235294,0,0.11351957791826908
109,22816,1050,21104,848772,193,323,1946,279,0.34258245952970706,1.0,0,0.0,0.8605882352941177,0,0.1094012628799446
110,22660,1023,19601,850470,156,195,1698,168,0.28798669235730817,1.0,0,0.0,0.8635294117647059,0,0.09133769120285161
111,22471,985,18682,851618,189,229,1148,195,0.34419022650552433,1.0,0,0.0,0.8664705882352941,0,0.10825267527754441
112,22322,927,17740,852769,149,209,1151,182,0.3124163422092133,1.0,0,0.0,0.8694117647058823,0,0.09760780607974809
113,22199,836,16652,854089,123,232,1320,192,0.3000889360120068,1.0,0,0.0,0.8723529411764706,0,0.09323974971182077
114,22098,744,15655,855281,101,195,1192,168,0.2391443707888525,1.0,0,0.0,0.8752941176470588,0,0.0739657790545467
115,21978,707,14817,856287,120,168,1006,148,0.267888598482366,1.0,0,0.0,0.8782352941176471,0,0.08240624086655679
116,21888,619,13878,857417,90,191,1130,165,0.29601387505192756,1.0,0,0.0,0.8811764705882353,0,0.09068508249415215
117,21815,543,12759,858687,73,151,1270,136,0.24839979193892273,1.0,0,0.0,0.8841176470588236,0,0.07584450988299532
118,21725,494,12082,859505,90,141,818,124,0.25250219208706315,1.0,0,0.0,0.8870588235294118,0,0.07677903370639613
119,21661,473,11272,860418,64,103,913,99,0.22350906356558858,1.0,0,0.0,0.89,0,0.06776280039019586
