Day,Susceptible,Exposed,Infected,Recovered,New_Exposed,New_Infections,New_Recoveries,Reported_Cases,Beta_Effective,Season_Index,Intervention_Flag,Quarantine_Fraction,Reporting_Prob,MultiWave_Flag,Rt
0,749657,268,2571,248,263,1,248,0,0.1952805906834518,1.0,0,0.5,0.27999999999999997,0,2.431016199693393
1,749333,609,2362,464,324,7,216,0,0.26108771049993656,1.0209056926535307,0,0.5,0.2807647058823529,0,3.2488335478620876
2,749053,626,2485,611,280,270,147,80,0.24275106478087777,1.0415823381635518,0,0.5,0.28152941176470586,0,3.019533578205677
3,748753,585,2641,803,300,348,192,99,0.2549434686342486,1.0618033988749895,0,0.5,0.2822941176470588,0,3.169922452604683
4,748454,616,2748,983,299,287,180,89,0.22182077673863196,1.08134732861516,0,0.5,0.28305882352941175,0,2.756979314733945
5,748114,656,2817,1221,340,307,238,86,0.2479001980632389,1.1,0,0.5,0.2838235294117647,0,3.079717125578254
6,747799,677,2939,1417,315,318,196,87,0.21730238802362062,1.1175570504584946,0,0.5,0.28458823529411764,0,2.6984573062220103
7,747399,737,3097,1606,400,347,189,90,0.26269047262820167,1.1338261212717717,0,0.5,0.2853529411764706,0,3.2603408581711912
8,747012,792,3254,1788,387,339,182,98,0.2440011879550145,1.1486289650954788,0,0.5,0.28611764705882353,0,3.0268137023880035
9,746580,840,3357,2092,432,407,304,117,0.2528965805850198,1.1618033988749894,0,0.5,0.2868823529411765,0,3.1353460489101797
10,746166,867,3464,2379,414,394,287,101,0.23934523892688833,1.1732050807568877,0,0.5,0.2876470588235294,0,2.965694563532075
11,745735,850,3683,2615,431,455,236,128,0.2596804894364286,1.18270909152852,0,0.5,0.28841176470588237,0,3.2158073225656714
12,745277,901,3879,2840,458,421,225,126,0.2651559903444877,1.1902113032590307,0,0.5,0.2891764705882353,0,3.28159766439267
13,744781,966,3997,3160,496,438,320,131,0.25697555692980173,1.195629520146761,0,0.5,0.2899411764705882,0,3.1782391792651405
14,744163,1135,4154,3475,618,472,315,153,0.29144335500397006,1.1989043790736547,0,0.5,0.2907058823529412,0,3.6015413296163366
15,743698,1104,4337,3795,465,503,320,137,0.23560373431747725,1.2,0,0.5,0.2914705882352941,0,2.9096781683075514
16,743177,996,4670,4103,521,641,308,188,0.23585842166376517,1.1989043790736547,0,0.5,0.2922352941176471,0,2.9107829390307782
17,742608,1100,4841,4404,569,472,301,134,0.24656200787436083,1.195629520146761,0,0.5,0.293,0,3.040548629529188
18,741972,1213,5064,4714,636,533,310,160,0.2669285196347093,1.1902113032590307,0,0.5,0.29376470588235293,0,3.288884837260849
19,741309,1309,5164,5190,663,576,476,164,0.243542250376189,1.1827090915285203,0,0.5,0.2945294117647059,0,2.9980561311525773
20,740666,1313,5357,5643,643,646,453,189,0.2580462345434737,1.1732050807568877,0,0.5,0.2952941176470588,0,3.17384787858419
21,740048,1267,5636,6036,618,672,393,188,0.231511353716402,1.1618033988749894,0,0.5,0.29605882352941176,0,2.845105373568158
22,739424,1248,5844,6478,624,650,442,196,0.24363490866976423,1.1486289650954788,0,0.5,0.2968235294117647,0,2.9915704187285574
23,738744,1309,6070,6878,680,626,400,197,0.2292916278489277,1.1338261212717717,0,0.5,0.29758823529411765,0,2.8128614193057255
24,737945,1489,6230,7349,799,631,471,206,0.25243540308242524,1.1175570504584946,0,0.5,0.2983529411764706,0,3.093430973453916
25,737347,1407,6388,7878,598,687,529,199,0.19443004556334392,1.1,0,0.5,0.29911764705882354,0,2.380682435422334
26,736557,1399,6849,8228,790,811,350,253,0.25162608335140585,1.08134732861516,0,0.5,0.29988235294117643,0,3.0777135117906473
27,735724,1637,6984,8698,833,605,470,167,0.24396122058382524,1.0618033988749895,0,0.5,0.30064705882352943,0,2.980587619012429
28,734917,1648,7312,9173,807,803,475,254,0.21655010213119844,1.0415823381635518,0,0.5,0.3014117647058823,0,2.6427912402448457
29,734289,1448,7696,9632,628,843,459,247,0.17500284911586736,1.0209056926535307,0,0.5,0.3021764705882353,0,2.1339208840665864
30,733410,1532,7929,10213,879,814,581,211,0.2483768984986709,1.0000000000000002,0,0.5,0.3029411764705882,0,3.024991782132532
31,732712,1611,7921,10864,698,643,651,201,0.18708827432465416,0.9790943073464694,0,0.5,0.30370588235294116,0,2.2763867317872553
32,731881,1555,8226,11457,831,898,593,273,0.20748780557677515,0.9584176618364482,0,0.5,0.3044705882352941,0,2.521733701389723
33,731002,1735,8460,11945,879,722,488,212,0.22540198354360222,0.9381966011250106,0,0.5,0.30523529411764705,0,2.736166182229745
34,730118,1784,8783,12464,884,842,519,239,0.2214793858245471,0.91865267138484,0,0.5,0.306,0,2.6852983079678236
35,729216,1805,8960,13189,902,902,725,275,0.21328278927180178,0.9,0,0.5,0.30676470588235294,0,2.5827250394829644
36,728446,1691,9176,13864,770,891,675,282,0.17681223591627976,0.8824429495415054,0,0.5,0.3075294117647059,0,2.1388279521604847
37,727588,1633,9518,14445,858,923,581,269,0.1932218240482078,0.8661738787282284,0,0.5,0.30829411764705883,0,2.3345752525378587
38,726629,1829,9606,15134,959,777,689,260,0.21860538711194255,0.8513710349045212,0,0.5,0.3090588235294118,0,2.637787215335278
39,725791,1809,9630,15975,838,865,841,259,0.17406501688890288,0.8381966011250105,0,0.5,0.30982352941176466,0,2.097921565551588
40,725322,1313,9847,16731,469,973,756,309,0.10195126976998198,0.8267949192431123,1,0.5,0.31058823529411766,0,1.2279753860590084
41,724869,930,10082,17341,453,845,610,272,0.08907497143738155,0.8172909084714799,1,0.5,0.31135294117647055,0,1.0722137960160663
42,724430,908,9806,18094,439,477,753,154,0.08623541309041392,0.8097886967409693,1,0.5,0.31211764705882356,0,1.0374047860126725
43,723958,925,9553,18809,472,462,715,138,0.10038434296265475,0.8043704798532388,1,0.5,0.31288235294117644,0,1.206828407801878
44,723569,871,9495,19322,389,455,513,145,0.08620066778554165,0.8010956209263453,1,0.5,0.31364705882352945,0,1.0357543227012018
45,723138,830,9386,19910,431,479,588,167,0.09825819085882648,0.8,1,0.5,0.31441176470588234,0,1.1799296637952061
46,722668,906,9248,20449,470,401,539,134,0.1076669326831685,0.8010956209263453,1,0.5,0.3151764705882353,0,1.2920738508664371
47,722286,874,9013,21122,382,438,673,121,0.08110119790679493,0.8043704798532388,1,0.5,0.3159411764705882,0,0.9727531330839428
48,721867,823,8879,21733,419,477,611,150,0.09657464288230758,0.8097886967409693,1,0.5,0.31670588235294117,0,1.1576745118076064
49,721588,703,8565,22453,279,406,720,133,0.07223798439093897,0.8172909084714798,1,0.5,0.3174705882352941,0,0.8656076662910746
50,721255,631,8402,23042,333,426,589,136,0.07971266271216662,0.8267949192431123,1,0.5,0.31823529411764706,0,0.9547338606604113
51,720931,676,8115,23615,324,286,573,95,0.07982460690385124,0.8381966011250105,1,0.5,0.319,0,0.9556451527590007
52,720567,706,7906,24178,364,354,563,125,0.09488493540820891,0.8513710349045212,1,0.5,0.3197647058823529,0,1.135371026377818
53,720230,735,7604,24811,337,331,633,107,0.08753095004915529,0.8661738787282284,1,0.5,0.3205294117647059,0,1.0468851073332142
54,719864,724,7521,25278,366,384,467,118,0.10165008880945255,0.8824429495415054,1,0.5,0.3212941176470588,0,1.2151346074385734
55,719051,1190,7331,25828,813,360,550,117,0.2175565563600178,0.9,0,0.5,0.3220588235294118,0,2.5977541224042624
56,718378,1497,7225,26307,673,373,479,103,0.20791400392153947,0.91865267138484,0,0.5,0.3228235294117647,0,2.4802927165419386
57,717754,1307,7554,26804,624,826,497,266,0.18047158789272835,0.9381966011250105,0,0.5,0.3235882352941177,0,2.151050632762617
58,716967,1421,7690,27348,787,680,544,220,0.22551206710501515,0.9584176618364482,0,0.5,0.32435294117647057,0,2.6849433371252913
59,716247,1524,7757,27917,720,636,569,201,0.19200070316658807,0.9790943073464693,0,0.5,0.3251176470588235,0,2.2836619056192062
60,715654,1338,7902,28566,593,794,649,256,0.16936684052086173,0.9999999999999998,0,0.5,0.32588235294117646,0,2.0127862696933856
61,714842,1433,8207,29000,812,739,434,219,0.20113815931981732,1.0209056926535305,0,0.5,0.3266470588235294,0,2.3876502196729947
62,713844,1830,8261,29554,998,608,554,181,0.25701479517165404,1.0415823381635516,0,0.5,0.32741176470588235,0,3.046685391273494
63,713094,1755,8602,30047,750,834,493,261,0.19210468762832608,1.0618033988749895,0,0.5,0.3281764705882353,0,2.2748403182719876
64,712287,1564,8975,30679,807,1005,632,338,0.2063036047320096,1.08134732861516,0,0.5,0.32894117647058824,0,2.4402145185932707
65,711576,1523,9023,31390,711,759,711,252,0.1743896478295318,1.0999999999999999,0,0.5,0.3297058823529411,0,2.060668653036431
66,710570,1738,9235,31992,1006,814,602,252,0.22801578345808532,1.1175570504584946,0,0.5,0.3304705882352941,0,2.690530690157327
67,709473,2134,9236,32709,1097,718,717,240,0.24924524422717553,1.1338261212717715,0,0.5,0.33123529411764707,0,2.9364926966219804
68,708684,1901,9534,33440,789,1029,731,333,0.18975356015953307,1.1486289650954788,0,0.5,0.332,0,2.233102886198427
69,707851,1627,10034,34054,833,1114,614,363,0.18579501787650252,1.1618033988749894,0,0.5,0.3327647058823529,0,2.183946957621712
70,706676,2014,10161,34723,1175,796,669,264,0.24516642144765113,1.1732050807568877,0,0.5,0.3335294117647059,0,2.8770506146052863
71,705531,2326,10254,35470,1145,840,747,273,0.2405055441957358,1.18270909152852,0,0.5,0.3342941176470588,0,2.8177818361428826
72,704525,2160,10781,36126,1006,1183,656,367,0.19684927916470843,1.1902113032590307,0,0.5,0.33505882352941174,0,2.3030131068764335
73,703411,2129,11309,36750,1114,1152,624,381,0.21697900249466065,1.195629520146761,0,0.5,0.3358235294117647,0,2.5345043216194036
74,702518,2012,11610,37466,893,1017,716,337,0.1687418769630472,1.1989043790736547,0,0.5,0.33658823529411763,0,1.9685502445792227
75,701265,2157,11975,38222,1253,1121,756,394,0.23760273565934692,1.2,0,0.5,0.3373529411764706,0,2.7669401973553867
76,699913,2616,11894,39203,1352,900,981,306,0.23606398502388415,1.1989043790736547,0,0.5,0.3381176470588235,0,2.7437211212603496
77,698527,2743,12408,39955,1386,1266,752,420,0.24613347188864595,1.195629520146761,0,0.5,0.33888235294117647,0,2.8550916075374198
78,697024,2908,12994,40728,1503,1359,773,456,0.26161969310914457,1.1902113032590307,0,0.5,0.33964705882352936,0,3.028198472936606
79,695531,3015,13411,41704,1493,1393,976,473,0.23125258956326034,1.18270909152852,0,0.5,0.34041176470588236,0,2.670971587582997
80,694259,2786,14142,42497,1272,1524,793,518,0.2041362527653422,1.173205080756888,0,0.5,0.3411764705882353,0,2.353465460568845
81,692826,2742,14852,43287,1433,1500,790,481,0.22137943684437927,1.1618033988749894,0,0.5,0.34194117647058825,0,2.546992275385724
82,691427,2853,15264,44170,1399,1295,883,456,0.20664479030960706,1.148628965095479,0,0.5,0.34270588235294114,0,2.3726679706186062
83,689943,2888,15627,45263,1484,1456,1093,511,0.2176668040992143,1.1338261212717715,0,0.5,0.34347058823529414,0,2.4938572222443964
84,688423,3024,15871,46425,1520,1406,1162,496,0.20202205214226532,1.1175570504584946,0,0.5,0.3442352941176471,0,2.3095125263028886
85,686822,3145,16323,47464,1601,1491,1039,514,0.21811017414636924,1.0999999999999999,0,0.5,0.345,0,2.4876329152300936
86,685280,3152,16530,48799,1542,1542,1335,537,0.20959794219801497,1.0813473286151603,0,0.5,0.3457647058823529,0,2.3851804650066772
87,683832,3002,16911,50030,1448,1612,1231,556,0.18835119959861202,1.0618033988749895,0,0.5,0.34652941176470586,0,2.1388679979607454
88,682301,3006,17448,51042,1531,1549,1012,535,0.1968450051910669,1.0415823381635523,0,0.5,0.3472941176470588,0,2.2303169211410565
89,680431,3421,17694,52258,1870,1462,1216,529,0.23531468069552852,1.0209056926535305,0,0.5,0.34805882352941175,0,2.658883361480674
90,678717,3589,18093,53412,1714,1553,1154,536,0.21089262588397054,1.0,0,0.5,0.3488235294117647,0,2.376929462211467
91,677063,3387,18577,54805,1654,1877,1393,660,0.20955605621958925,0.9790943073464693,0,0.5,0.34958823529411764,0,2.3561094977967723
92,675390,3346,19214,55889,1673,1721,1084,627,0.19520535841753428,0.9584176618364483,0,0.5,0.35035294117647053,0,2.1893365789560657
93,673543,3525,19440,57338,1847,1675,1449,570,0.21869748337645964,0.9381966011250106,0,0.5,0.35111764705882353,0,2.4461060662181056
94,671996,3406,19999,58459,1547,1680,1121,590,0.18033517902193222,0.91865267138484,0,0.5,0.3518823529411765,0,2.0123953979011016
95,670544,3011,20405,59907,1452,1854,1448,671,0.15599493696930206,0.8999999999999999,0,0.5,0.35264705882352937,0,1.737016548505982
96,668988,3013,20590,61283,1556,1561,1376,537,0.16671437125081967,0.8824429495415054,0,0.5,0.35341176470588237,0,1.8520706041534925
97,667463,3097,20762,62570,1525,1459,1287,493,0.1654304759964577,0.8661738787282286,0,0.5,0.3541764705882353,0,1.8336181015177861
98,665822,3186,20730,64165,1641,1563,1595,555,0.18234761204448047,0.8513710349045213,0,0.5,0.3549411764705882,0,2.016157211185699
99,664058,3414,21149,65289,1764,1543,1124,546,0.19364603565672941,0.8381966011250106,0,0.5,0.35570588235294115,0,2.1354076575471215
100,662596,3231,21314,66776,1462,1652,1487,564,0.16407047203010033,0.8267949192431122,0,0.5,0.3564705882352941,0,1.8052834865062009
101,660874,3198,21751,68110,1722,1771,1334,652,0.18205937970655844,0.8172909084714799,0,0.5,0.3572352941176471,0,1.9980111025382021
102,659662,2955,21792,69538,1212,1469,1428,520,0.1343599351796634,0.8097886967409693,0,0.5,0.358,0,1.4718292347484634
103,658157,2729,22101,70967,1505,1738,1429,617,0.16019939468178673,0.804370479853239,0,0.5,0.35876470588235293,0,1.7508806683995746
104,656668,2999,21668,72626,1489,1226,1659,413,0.15558300450075083,0.8010956209263453,0,0.5,0.3595294117647058,0,1.6965793609379864
105,655038,3131,21839,73967,1630,1512,1341,546,0.1696181563932118,0.8,0,0.5,0.3602941176470588,0,1.8450366848673883
106,653276,3406,21692,75610,1762,1496,1643,525,0.18013322022493805,0.8010956209263453,0,0.5,0.36105882352941177,0,1.9541445625115685
107,651853,3196,21991,76955,1423,1644,1345,576,0.15291846915140422,0.8043704798532388,0,0.5,0.3618235294117647,0,1.6552964456382946
108,650171,3114,22064,78653,1682,1771,1698,624,0.16961456380337764,0.8097886967409692,0,0.5,0.3625882352941176,0,1.8312890833631
109,648473,3389,21834,80317,1698,1434,1664,505,0.16986103499774188,0.8172909084714797,0,0.5,0.3633529411764706,0,1.8291605935280713
110,646732,3448,21783,82057,1741,1689,1740,546,0.1823097290864913,0.8267949192431123,0,0.5,0.36411764705882355,0,1.9579444592867088
111,644843,3635,21955,83594,1889,1709,1537,599,0.2049688035556015,0.8381966011250105,0,0.5,0.36488235294117644,0,2.1948655805739303
112,643366,3381,22185,85112,1477,1748,1518,609,0.15407100182162886,0.8513710349045212,0,0.5,0.3656470588235294,0,1.6460581928568452
113,641557,3301,22434,86759,1809,1896,1647,690,0.1937887026391481,0.8661738787282282,0,0.5,0.3664117647058823,0,2.0645712502069764
114,639593,3790,22153,88534,1964,1494,1775,558,0.19916055539369534,0.8824429495415053,0,0.5,0.3671764705882353,0,2.115306007965583
115,637892,3690,22238,90265,1701,1816,1731,681,0.17930246301321684,0.9,0,0.5,0.3679411764705882,0,1.899326305042839
116,636269,3337,22674,91812,1623,1983,1547,735,0.1760966712226964,0.9186526713848401,0,0.5,0.36870588235294116,0,1.8606217053973926
117,634608,3289,22548,93654,1661,1716,1842,633,0.1781157786841924,0.9381966011250105,0,0.5,0.36947058823529416,0,1.8770425114584681
118,632952,3339,22481,95351,1656,1630,1697,596,0.17673569328739486,0.9584176618364482,0,0.5,0.37023529411764705,0,1.857638556470564
119,631797,2836,22187,97313,1155,1668,1962,643,0.12242735747851059,0.9790943073464691,0,0.5,0.371,0,1.2844648000507906
