Day,Susceptible,Exposed,Infected,Recovered,New_Exposed,New_Infections,New_Recoveries,Reported_Cases
0,808478,756,2324,191,756,0,191,0
1,807737,1295,2352,365,741,202,174,96
2,806982,1742,2500,525,755,308,160,130
3,806237,2070,2711,731,745,417,206,191
4,805414,2380,3034,921,823,513,190,200
5,804451,2763,3399,1136,963,580,215,248
6,803397,3105,3873,1374,1054,712,238,291
7,802139,3564,4377,1669,1258,799,295,315
8,800778,4050,4931,1990,1361,875,321,348
9,799308,4485,5614,2342,1470,1035,352,433
10,797543,5107,6299,2800,1765,1143,458,488
11,795667,5719,7114,3249,1876,1264,449,541
12,793390,6583,8021,3755,2277,1413,506,569
13,790855,7433,9112,4349,2535,1685,594,693
14,788016,8416,10259,5058,2839,1856,709,768
15,784992,9345,11629,5783,3024,2095,725,838
16,781499,10535,13034,6681,3493,2303,898,982
17,777717,11673,14692,7667,3782,2644,986,1127
18,773294,13201,16417,8837,4423,2895,1170,1235
19,768360,14773,18539,10077,4934,3362,1240,1450
20,762724,16751,20759,11515,5636,3658,1438,1585
21,756642,18608,23375,13124,6082,4225,1609,1868
22,749802,20756,26339,14852,6840,4692,1728,2064
23,742201,23241,29413,16894,7601,5116,2042,2162
24,733849,25684,32984,19232,8352,5909,2338,2568
25,724599,28557,36831,21762,9250,6377,2530,2803
26,714440,31522,41230,24557,10159,7194,2795,3111
27,706919,31332,45688,27810,7521,7711,3253,3414
28,700569,29858,49972,31350,6350,7824,3540,3505
29,693642,29346,53483,35278,6927,7439,3928,3210
30,686396,29287,56690,39376,7246,7305,4098,3282
31,678636,29681,59602,43830,7760,7366,4454,3313
32,670654,30153,62498,48444,7982,7510,4614,3271
33,662427,30817,65300,53205,8227,7563,4761,3413
34,653846,31867,67850,58186,8581,7531,4981,3393
35,645231,32620,70474,63424,8615,7862,5238,3600
36,636283,33471,73192,68803,8948,8097,5379,3674
37,626999,34456,75868,74426,9284,8299,5623,3785
38,617513,35464,78465,80307,9486,8478,5881,3865
39,607852,36231,81235,86431,9661,8894,6124,4083
40,597887,37082,84182,92598,9965,9114,6167,4089
41,587742,38070,87009,98928,10145,9157,6330,4176
42,577123,39272,89736,105618,10619,9417,6690,4333
43,566314,40230,92596,112609,10809,9851,6991,4549
44,555228,41258,95553,119710,11086,10058,7101,4679
45,543989,42137,98674,126949,11239,10360,7239,4826
46,532424,43199,101633,134493,11565,10503,7544,4803
47,520722,44163,104407,142457,11702,10738,7964,5061
48,508920,44953,107299,150577,11802,11012,8120,5175
49,496781,45670,110462,158836,12139,11422,8259,5407
50,484272,46752,113411,167314,12509,11427,8478,5443
51,471491,47859,116483,175916,12781,11674,8602,5553
52,458224,49100,119533,184892,13267,12026,8976,5758
53,444759,50174,122717,194099,13465,12391,9207,5919
54,431111,51362,125711,203565,13648,12460,9466,5863
55,417176,52242,129017,213314,13935,13055,9749,6355
56,402944,53570,132008,223227,14232,12904,9913,6179
57,388763,54440,135300,233246,14181,13311,10019,6450
58,374115,55507,138580,243547,14648,13581,10301,6737
59,359066,56729,141810,254144,15049,13827,10597,6633
60,343802,57743,145060,265144,15264,14250,11000,7019
61,328372,58781,148224,276372,15430,14392,11228,7019
62,313148,59213,151687,287701,15224,14792,11329,7293
63,297724,59744,154801,299480,15424,14893,11779,7336
64,282352,60379,157646,311372,15372,14737,11892,7269
65,267076,60410,160732,323531,15276,15245,12159,7619
66,251994,60397,163402,335956,15082,15095,12425,7586
67,237207,60013,165988,348541,14787,15171,12585,7546
68,222671,59765,168135,361178,14536,14784,12637,7328
69,208712,58749,170446,373842,13959,14975,12664,7408
70,195051,57868,171628,387202,13661,14542,13360,7357
71,182058,56373,172898,400420,12993,14488,13218,7333
72,169500,54931,173761,413557,12558,14000,13137,7071
73,157586,53213,174280,426670,11914,13632,13113,6902
74,146424,51074,174240,440011,11162,13301,13341,6793
75,135897,48829,173805,453218,10527,12772,13207,6672
76,125998,46399,172661,466691,9899,12329,13473,6320
77,116941,43851,170924,480033,9057,11605,13342,5973
78,108464,41404,168847,493034,8477,10924,13001,5599
79,100785,38597,166309,506058,7679,10486,13024,5382
80,93755,35858,163325,518811,7030,9769,12753,5067
81,87373,33315,159681,531380,6382,8925,12569,4613
82,81556,30922,155471,543800,5817,8210,12420,4329
83,76284,28664,151178,555623,5272,7530,11823,3986
84,71433,26354,146905,567057,4851,7161,11434,3737
85,67172,24088,142246,578243,4261,6527,11186,3386
86,63273,21963,137133,589380,3899,6024,11137,3181
87,59794,20042,132152,599761,3479,5400,10381,2855
88,56539,18285,127070,609855,3255,5012,10094,2661
89,53657,16627,121749,619716,2882,4540,9861,2475
90,51197,14960,116510,629082,2460,4127,9366,2221
91,48908,13519,111097,638225,2289,3730,9143,2038
92,46838,12111,106130,646670,2070,3478,8445,1860
93,44904,10960,101072,654813,1934,3085,8143,1665
94,43326,9817,96107,662499,1578,2721,7686,1466
95,41880,8716,91325,669828,1446,2547,7329,1377
96,40570,7870,86423,676886,1310,2156,7058,1175
97,39475,6953,81785,683536,1095,2012,6650,1142
98,38434,6317,77260,689738,1041,1677,6202,895
99,37515,5662,72956,695616,919,1574,5878,855
100,36683,5079,68773,701214,832,1415,5598,767
101,35955,4523,64792,706479,728,1284,5265,707
102,35293,4023,61001,711432,662,1162,4953,616
103,34657,3711,57181,716200,636,948,4768,520
104,34123,3310,53671,720645,534,935,4445,531
105,33641,2972,50402,724734,482,820,4089,464
106,33226,2617,47340,728566,415,770,3832,435
107,32829,2413,44306,732201,397,601,3635,318
108,32452,2191,41533,735573,377,599,3372,336
109,32104,1977,38860,738808,348,562,3235,304
110,31521,2067,36249,741912,583,493,3104,254
111,30985,2096,33884,744784,536,507,2872,293
112,30533,2024,31836,747356,452,524,2572,296
113,30122,1917,29824,749886,411,518,2530,286
114,29712,1857,27966,752214,410,470,2328,260
115,29386,1697,26283,754383,326,486,2169,290
116,29076,1595,24723,756355,310,412,1972,235
117,28789,1463,23275,758222,287,419,1867,251
118,28547,1328,21887,759987,242,377,1765,217
119,28278,1288,20510,761673,269,309,1686,183
120,28026,1236,19181,763306,252,304,1633,175
121,27809,1158,17978,764804,217,295,1498,178
122,27629,1056,16852,766212,180,282,1408,182
123,27469,959,15799,767522,160,257,1310,147
124,27297,900,14800,768752,172,231,1230,148
125,27123,829,13934,769863,174,245,1111,151
126,26967,772,13017,770993,156,213,1130,114
127,26825,714,12182,772028,142,200,1035,117
128,26697,661,11424,772967,128,181,939,107
129,26555,628,10699,773867,142,175,900,113
130,26446,581,10039,774683,109,156,816,100
131,26336,556,9381,775476,110,135,793,84
132,26233,531,8778,776207,103,128,731,70
133,26137,481,8207,776924,96,146,717,90
134,26053,440,7701,777555,84,125,631,77
135,25977,403,7184,778185,76,113,630,58
136,25913,349,6805,778682,64,118,497,67
137,25852,336,6370,779191,61,74,509,50
138,25786,330,5936,779697,66,72,506,37
139,25726,306,5601,780116,60,84,419,54
140,25670,290,5240,780549,56,72,433,47
141,25610,286,4905,780948,60,64,399,36
142,25565,255,4610,781319,45,76,371,47
143,25520,232,4329,781668,45,68,349,42
144,25478,216,4067,781988,42,58,320,30
145,25424,212,3803,782310,54,58,322,33
146,25370,211,3576,782592,54,55,282,33
147,25337,185,3335,782892,33,59,300,34
148,25295,171,3162,783121,42,56,229,32
149,25270,151,2962,783366,25,45,245,29
150,25231,164,2757,783597,39,26,231,19
151,25202,148,2595,783804,29,45,207,29
152,25169,143,2418,784019,33,38,215,24
153,25138,140,2274,784197,31,34,178,19
154,25118,124,2141,784366,20,36,169,18
155,25098,113,1992,784546,20,31,180,19
156,25078,102,1878,784691,20,31,145,16
157,25058,101,1772,784818,20,21,127,14
158,25033,102,1660,784954,25,24,136,17
159,25014,90,1576,785069,19,31,115,20
160,24991,84,1489,785185,23,29,116,17
161,24986,69,1395,785299,5,20,114,11
162,24972,65,1296,785416,14,18,117,8
163,24965,56,1210,785518,7,16,102,13
164,24952,59,1139,785599,13,10,81,8
165,24935,58,1074,785682,17,18,83,13
166,24924,58,1008,785759,11,11,77,9
167,24918,49,957,785825,6,15,66,8
168,24906,45,894,785904,12,16,79,12
169,24894,46,828,785981,12,11,77,8
170,24888,40,764,786057,6,12,76,6
171,24880,42,693,786134,8,6,77,5
172,24874,37,650,786188,6,11,54,8
173,24870,33,617,786229,4,8,41,3
174,24864,30,596,786259,6,9,30,6
175,24855,33,540,786321,9,6,62,5
176,24851,30,502,786366,4,7,45,5
177,24848,25,468,786408,3,8,42,6
178,24844,21,443,786441,4,8,33,6
179,24840,18,416,786475,4,7,34,4
180,24838,16,390,786505,2,4,30,2
181,24838,14,359,786538,0,2,33,0
182,24834,17,332,786566,4,1,28,0
183,24832,16,311,786590,2,3,24,2
184,24829,14,281,786625,3,5,35,5
185,24824,16,261,786648,5,3,23,3
186,24821,16,245,786667,3,3,19,3
187,24818,17,230,786684,3,2,17,2
188,24818,15,214,786702,0,2,18,2
189,24815,13,201,786720,3,5,18,5
190,24813,11,188,786737,2,4,17,4
191,24813,8,178,786750,0,3,13,2
192,24812,8,161,786768,1,1,18,1
193,24812,7,136,786794,0,1,26,1
194,24811,8,124,786806,1,0,12,0
195,24810,6,116,786817,1,3,11,3
196,24809,4,109,786827,1,3,10,3
197,24809,4,100,786836,0,0,9,0
198,24808,4,90,786847,1,1,11,1
199,24807,4,83,786855,1,1,8,0
200,24807,4,73,786865,0,0,10,0
201,24807,3,69,786870,0,1,5,0
202,24805,2,70,786872,2,3,2,3
203,24804,2,66,786877,1,1,5,0
204,24803,2,63,786881,1,1,4,1
205,24803,2,59,786885,0,0,4,0
206,24801,4,55,786889,2,0,4,0
207,24799,5,49,786896,2,1,7,1
208,24798,6,44,786901,1,0,5,0
209,24798,6,39,786906,0,0,5,0
210,24797,5,39,786908,1,2,2,1
211,24796,2,38,786913,1,4,5,2
212,24796,2,35,786916,0,0,3,0
213,24796,2,31,786920,0,0,4,0
214,24796,2,31,786920,0,0,0,0
215,24796,1,29,786923,0,1,3,1
216,24796,0,27,786926,0,1,3,0
217,24795,1,25,786928,1,0,2,0
218,24795,0,25,786929,0,1,1,1
219,24795,0,24,786930,0,0,1,0
220,24795,0,22,786932,0,0,2,0
221,24795,0,20,786934,0,0,2,0
222,24794,1,20,786934,1,0,0,0
223,24794,1,19,786935,0,0,1,0
224,24794,1,15,786939,0,0,4,0
225,24794,0,15,786940,0,1,1,1
226,24794,0,14,786941,0,0,1,0
227,24793,1,13,786942,1,0,1,0
228,24793,1,12,786943,0,0,1,0
229,24793,1,11,786944,0,0,1,0
230,24793,0,10,786946,0,1,2,1
231,24793,0,10,786946,0,0,0,0
232,24793,0,10,786946,0,0,0,0
233,24793,0,9,786947,0,0,1,0
234,24793,0,7,786949,0,0,2,0
235,24793,0,7,786949,0,0,0,0
236,24793,0,7,786949,0,0,0,0
237,24793,0,7,786949,0,0,0,0
238,24793,0,6,786950,0,0,1,0
239,24793,0,5,786951,0,0,1,0
240,24793,0,5,786951,0,0,0,0
241,24793,0,4,786952,0,0,1,0
242,24793,0,4,786952,0,0,0,0
243,24793,0,3,786953,0,0,1,0
244,24793,0,2,786954,0,0,1,0
245,24793,0,2,786954,0,0,0,0
246,24793,0,2,786954,0,0,0,0
247,24793,0,2,786954,0,0,0,0
248,24793,0,1,786955,0,0,1,0
249,24793,0,1,786955,0,0,0,0
250,24793,0,1,786955,0,0,0,0
