Day,Susceptible,Exposed,Infected,Recovered,New_Exposed,New_Infections,New_Recoveries,Reported_Cases,Beta_Effective,Season_Index,Intervention_Flag,Quarantine_Fraction,Reporting_Prob,MultiWave_Flag,Rt
0,799024,68,731,44,68,0,44,0,0.16078146703177773,1.0,0,0.5,0.38,0,2.0076501923694683
1,798957,133,671,105,67,1,61,1,0.17077618234304523,1.0,0,0.5,0.38327731092436973,0,2.1322736516860363
2,798894,194,634,143,63,1,38,1,0.20742074314075484,1.0,0,0.5,0.3865546218487395,0,2.589605321426722
3,798850,246,584,194,44,1,51,1,0.183330569167509,1.0,0,0.5,0.38983193277310924,0,2.2887183928619472
4,798779,249,604,242,71,68,48,29,0.20150209343838446,1.0,0,0.5,0.393109243697479,0,2.515350062801367
5,798724,237,623,290,55,67,48,26,0.1970228585215344,1.0,0,0.5,0.39638655462184874,0,2.4592664413232765
6,798675,233,638,338,49,63,48,26,0.16817850749220128,1.0,0,0.5,0.39966386554621847,0,2.0990984981149032
7,798620,234,646,384,55,54,46,20,0.17977613169515794,1.0,0,0.5,0.40294117647058825,0,2.2436982381818953
8,798554,229,672,429,66,71,45,26,0.1953274360759155,1.0,0,0.5,0.40621848739495797,0,2.4375850201997116
9,798501,230,674,482,53,55,53,25,0.15123048189061916,1.0,0,0.5,0.40949579831932775,0,1.8871526613196519
10,798450,222,683,532,51,59,50,35,0.16878382914657933,1.0,0,0.5,0.4127731092436975,0,2.106060263488903
11,798393,224,671,599,57,55,67,26,0.1521241521012561,1.0,0,0.5,0.41605042016806726,0,1.8980477093157075
12,798348,215,664,672,45,66,73,25,0.15613228563018747,1.0,0,0.5,0.419327731092437,0,1.9479472519851566
13,798281,226,674,718,67,56,46,20,0.18290009572606125,1.0,0,0.5,0.4226050420168067,0,2.2817179499262985
14,798226,238,679,764,55,51,46,22,0.14415032234539915,1.0,0,0.5,0.4258823529411765,0,1.7981823103790784
15,798156,251,688,812,70,57,48,32,0.20460896273146117,1.0,0,0.5,0.4291596638655462,0,2.5521410318511095
16,798101,259,687,870,55,57,58,28,0.17802894626267568,1.0,0,0.5,0.432436974789916,0,2.2204485252108745
17,798047,246,697,927,54,67,57,29,0.14959378442225155,1.0,0,0.5,0.4357142857142857,0,1.8656675246763614
18,797988,242,701,986,59,63,59,22,0.17893516351100358,1.0,0,0.5,0.4389915966386555,0,2.231435245794281
19,797945,218,724,1033,43,70,47,38,0.14840662103037414,1.0,0,0.5,0.4422689075630252,0,1.8506251854696139
20,797869,229,739,1083,76,65,50,26,0.1820456173101913,1.0,0,0.5,0.44554621848739495,0,2.2698860347667957
21,797810,248,746,1130,59,54,47,26,0.16463939794608368,1.0,0,0.5,0.44882352941176473,0,2.0526999812994697
22,797738,261,741,1194,72,59,64,32,0.21438641252033477,1.0,0,0.5,0.45210084033613446,0,2.6726972726582487
23,797681,282,725,1256,57,46,62,23,0.17395275714995123,1.0,0,0.5,0.4553781512605042,0,2.168466902562086
24,797606,281,743,1314,75,76,58,21,0.19218270232205661,1.0,0,0.5,0.45865546218487396,0,2.3954931955607353
25,797538,283,746,1384,68,73,70,37,0.17873882285911089,1.0,0,0.5,0.4619327731092437,0,2.2277297867240673
26,797454,295,753,1449,84,72,65,29,0.20526221136858952,1.0,0,0.5,0.46521008403361347,0,2.5580373284672198
27,797387,298,757,1512,67,67,63,31,0.18390085387385885,1.0,0,0.5,0.4684873949579832,0,2.2916333304148484
28,797332,287,780,1564,55,75,52,39,0.18072688803700993,1.0,0,0.5,0.471764705882353,0,2.2519264310867495
29,797255,289,800,1619,77,75,55,35,0.1683292461322657,1.0,0,0.5,0.4750420168067227,0,2.097244496978552
30,797183,277,827,1676,72,84,57,30,0.17936700410044187,1.0,0,0.5,0.4783193277310924,0,2.234564096746749
31,797127,280,828,1745,56,70,69,32,0.1421404093699392,1.0,0,0.5,0.4815966386554622,0,1.7706687189843988
32,797060,285,817,1820,67,64,75,32,0.17806852073089283,1.0,0,0.5,0.48487394957983193,0,2.2180452364856507
33,796991,277,814,1900,69,77,80,43,0.14299528977095982,1.0,0,0.5,0.4881512605042017,0,1.7810142028275802
34,796935,261,833,1953,56,72,53,27,0.16808151646364095,1.0,0,0.5,0.49142857142857144,0,2.0933174409456776
35,796856,272,847,2012,79,73,59,29,0.19682032210574954,1.0,0,0.5,0.4947058823529412,0,2.4509927055357195
36,796786,273,881,2047,70,69,35,37,0.180977861651252,1.0,0,0.5,0.49798319327731094,0,2.2535094345943527
37,796719,273,911,2086,67,69,39,31,0.1811688985994884,1.0,0,0.5,0.5012605042016807,0,2.255698505552888
38,796652,284,900,2153,67,56,67,29,0.15611095372087005,1.0,0,0.5,0.5045378151260504,0,1.9435434813481267
39,796572,280,904,2233,80,84,80,47,0.17792262911478188,1.0,0,0.5,0.5078151260504202,0,2.2148711054340913
40,796497,287,908,2299,75,70,66,32,0.16681076031847017,1.0,0,0.5,0.5110924369747899,0,2.0763494143617085
41,796430,294,906,2370,67,69,71,36,0.1725512916465372,1.0,0,0.5,0.5143697478991597,0,2.1476230611784777
42,796335,334,916,2427,95,67,57,33,0.16383943866861714,1.0,0,0.5,0.5176470588235295,0,2.038949590872189
43,796267,331,947,2476,68,80,49,49,0.15659254267300343,1.0,0,0.5,0.5209243697478991,0,1.948596988258742
44,796195,326,959,2541,72,77,65,42,0.1767542548478218,1.0,0,0.5,0.5242016806722689,0,2.1992852239585066
45,796121,338,963,2613,74,76,72,41,0.16347431512445448,1.0,0,0.5,0.5274789915966387,0,2.0338589920448618
46,796028,324,1001,2682,93,107,69,60,0.19448088415454848,1.0,0,0.5,0.5307563025210085,0,2.4193432978822873
47,795945,330,1009,2751,83,77,69,46,0.1589611397911095,1.0,0,0.5,0.5340336134453781,0,1.9772712902744245
48,795870,347,1008,2824,75,72,73,40,0.16884647412281734,1.0,0,0.5,0.5373109243697479,0,2.1000341831849334
49,795793,336,1029,2891,77,88,67,49,0.15511195182417803,1.0,0,0.5,0.5405882352941177,0,1.9290239108192067
50,795709,327,1069,2944,84,93,53,46,0.18224483283586154,1.0,0,0.5,0.5438655462184874,0,2.2662182227012515
51,795631,323,1076,3020,78,83,76,36,0.16626378375228065,1.0,0,0.5,0.5471428571428572,0,2.067290882900076
52,795567,299,1100,3085,64,89,65,46,0.14234206145093473,1.0,0,0.5,0.5504201680672269,0,1.7697105706688703
53,795479,323,1116,3146,88,77,61,37,0.1833282520404326,1.0,0,0.5,0.5536974789915967,0,2.2790316172074743
54,795368,360,1143,3203,111,84,57,54,0.2173617203261429,1.0,0,0.5,0.5569747899159664,0,2.701739113695833
55,795279,370,1130,3295,89,79,92,48,0.16458440758834236,1.0,0,0.5,0.5602521008403362,0,2.0455044882844478
56,795210,375,1110,3380,69,65,85,36,0.14795946403955862,1.0,0,0.5,0.5635294117647058,0,1.8387251474135293
57,795108,376,1147,3444,102,101,64,70,0.19186057607768187,1.0,0,0.5,0.5668067226890756,0,2.383988196224708
58,795019,350,1193,3519,89,121,75,69,0.13810716418825292,1.0,0,0.5,0.5700840336134454,0,1.7158761951327635
59,794920,375,1209,3592,99,89,73,52,0.16887466533164314,1.0,0,0.5,0.5733613445378152,0,2.0978776622461885
60,794832,404,1190,3681,88,70,89,47,0.16933949469094206,1.0,0,0.5,0.576638655462185,0,2.103419212884624
61,794746,392,1207,3766,86,102,85,49,0.13595825350754528,1.0,0,0.5,0.5799159663865546,0,1.6885975753173277
62,794621,422,1222,3846,125,95,80,52,0.19776454761614126,1.0,0,0.5,0.5831932773109244,0,2.4558436369934906
63,794517,412,1265,3917,104,114,71,61,0.17918010256570582,1.0,0,0.5,0.5864705882352941,0,2.2247704548099385
64,794397,442,1271,4010,120,99,93,52,0.1617527666519215,1.0,0,0.5,0.5897478991596639,0,2.008082477617943
65,794294,455,1249,4122,103,90,112,54,0.1751767366005195,1.0,0,0.5,0.5930252100840336,0,2.1744526093302547
66,794206,418,1299,4197,88,125,75,67,0.15951679949401715,1.0,0,0.5,0.5963025210084034,0,1.9798478881324237
67,794108,425,1303,4297,98,104,100,56,0.17479888385750617,1.0,0,0.5,0.5995798319327731,0,2.1692542644951676
68,794029,375,1345,4384,79,129,87,69,0.14483168561212853,1.0,0,0.5,0.6028571428571429,0,1.7971825080749801
69,793904,405,1348,4484,125,103,100,67,0.20387032211132722,1.0,0,0.5,0.6061344537815126,0,2.52938088778308
70,793774,451,1334,4586,130,88,102,63,0.19505784353603067,1.0,0,0.5,0.6094117647058823,0,2.419649840144818
71,793667,447,1373,4658,107,111,72,60,0.1672672918698842,1.0,0,0.5,0.6126890756302521,0,2.074634435107577
72,793576,459,1329,4781,91,79,123,51,0.1369420090308462,1.0,0,0.5,0.6159663865546219,0,1.6983119030829936
73,793490,423,1339,4904,86,133,123,88,0.14399410698401177,1.0,0,0.5,0.6192436974789917,0,1.7855762887883782
74,793389,390,1384,4993,101,134,89,88,0.16458915230628765,1.0,0,0.5,0.6225210084033613,0,2.0407021254648154
75,793262,410,1383,5101,127,107,108,73,0.19467072393271354,1.0,0,0.5,0.6257983193277311,0,2.413290081480924
76,793120,472,1366,5209,142,91,108,52,0.18516646366490078,1.0,0,0.5,0.6290756302521009,0,2.2950569541859163
77,793013,482,1364,5308,107,97,99,69,0.1663771819413635,1.0,0,0.5,0.6323529411764706,0,2.0618938552107178
78,792900,494,1377,5396,113,101,88,64,0.15855203775377608,1.0,0,0.5,0.6356302521008403,0,1.9646377262558814
79,792762,507,1409,5491,138,127,95,82,0.18665377208487924,1.0,0,0.5,0.6389075630252101,0,2.3124472203746538
80,792620,496,1457,5596,142,153,105,99,0.20779468777607296,1.0,0,0.5,0.6421848739495799,0,2.573900183172186
81,792458,551,1466,5694,162,107,98,68,0.20564801894250526,1.0,0,0.5,0.6454621848739497,0,2.5467893067713105
82,792327,578,1499,5774,131,113,80,76,0.17470313811740687,1.0,0,0.5,0.6487394957983194,0,2.1632035906461735
83,792201,564,1509,5904,126,140,130,83,0.1735297389670549,1.0,0,0.5,0.652016806722689,0,2.1483326718604445
84,792053,587,1536,6019,148,142,115,95,0.19173241460383275,1.0,0,0.5,0.6552941176470588,0,2.3732419606042243
85,791878,600,1589,6128,175,162,109,112,0.22728802630205105,1.0,0,0.5,0.6585714285714286,0,2.8127236729983798
86,791733,610,1607,6250,145,140,122,96,0.19319041026558825,1.0,0,0.5,0.6618487394957984,0,2.3903227519513397
87,791602,615,1627,6356,131,126,106,91,0.17892668211554502,1.0,0,0.5,0.6651260504201681,0,2.2134729807585143
88,791421,640,1685,6463,181,165,107,101,0.2129795992145758,1.0,0,0.5,0.6684033613445378,0,2.634133665190569
89,791257,629,1750,6573,164,175,110,125,0.17297831995739174,1.0,0,0.5,0.6716806722689076,0,2.1389541404153114
90,791122,614,1778,6695,135,150,122,91,0.185356975863679,1.0,0,0.5,0.6749579831932773,0,2.291630693903259
91,790942,669,1801,6803,180,131,108,90,0.1885003295966503,1.0,0,0.5,0.678235294117647,0,2.3299627889985737
92,790736,698,1871,6923,206,190,120,133,0.20813513953761467,1.0,0,0.5,0.6815126050420168,0,2.571989275989247
93,790575,695,1888,7070,161,164,147,122,0.19361825445292993,1.0,0,0.5,0.6847899159663866,0,2.3921125561206593
94,790430,715,1913,7180,145,135,110,92,0.15736772944389893,1.0,0,0.5,0.6880672268907564,0,1.943888396201197
95,790261,703,1974,7305,169,186,125,128,0.17615960592491764,1.0,0,0.5,0.6913445378151261,0,2.175550221752981
96,790109,644,2067,7431,152,219,126,139,0.17137530961798142,1.0,0,0.5,0.6946218487394958,0,2.116057646254841
97,789894,709,2091,7568,215,161,137,117,0.18756989847323305,1.0,0,0.5,0.6978991596638655,0,2.315390205256248
98,789690,758,2099,7715,204,155,147,110,0.1689931599716504,1.0,0,0.5,0.7011764705882353,0,2.085537478387229
99,789523,755,2086,7902,167,174,187,130,0.17209574920930432,1.0,0,0.5,0.7044537815126051,0,2.1233772646417712
100,789350,783,2115,8033,173,160,131,108,0.17364023437894535,1.0,0,0.5,0.7077310924369749,0,2.14196421103478
101,789114,793,2191,8183,236,226,150,149,0.19313817985879592,1.0,0,0.5,0.7110084033613446,0,2.381771620486498
102,788923,780,2238,8340,191,204,157,139,0.17578218599298004,1.0,0,0.5,0.7142857142857143,0,2.1672135730086968
103,788716,831,2284,8465,207,171,125,121,0.20231080912844096,1.0,0,0.5,0.7175630252100841,0,2.4936297555179086
104,788513,846,2329,8608,203,188,143,139,0.17991108010421833,1.0,0,0.5,0.7208403361344538,0,2.216965844106231
105,788322,817,2418,8755,191,236,147,179,0.1736531447421102,1.0,0,0.5,0.7241176470588235,0,2.139333701249548
106,788089,859,2469,8895,233,191,140,139,0.18518976008411295,1.0,0,0.5,0.7273949579831933,0,2.280785631156937
107,787841,885,2544,9042,248,222,147,151,0.1941362856027351,1.0,0,0.5,0.7306722689075631,0,2.3902180829054145
108,787564,966,2588,9201,277,203,159,148,0.20970969339246673,1.0,0,0.5,0.7339495798319329,0,2.5810510523459627
109,787289,1034,2611,9385,275,207,184,156,0.19589496274750648,1.0,0,0.5,0.7372268907563025,0,2.4101811508432283
110,787065,1025,2645,9584,224,233,199,166,0.175678037824139,1.0,0,0.5,0.7405042016806723,0,2.160828532119339
111,786810,1035,2716,9761,255,248,177,184,0.18463227714049285,1.0,0,0.5,0.743781512605042,0,2.2702293315156017
112,786523,1038,2818,9943,287,284,182,204,0.21848886650773452,1.0,0,0.5,0.7470588235294118,0,2.6855483279136227
113,786229,1057,2916,10120,294,275,177,194,0.20788095001993864,1.0,0,0.5,0.7503361344537816,0,2.5542063782670485
114,785979,1092,2929,10331,250,224,211,167,0.1701132954173293,1.0,0,0.5,0.7536134453781513,0,2.089495469540828
115,785733,1080,3022,10496,246,258,165,195,0.17079094114488824,1.0,0,0.5,0.7568907563025211,0,2.0971623807238653
116,785426,1105,3089,10716,307,287,220,218,0.2098162731768395,1.0,0,0.5,0.7601680672268908,0,2.5753524676007444
117,785132,1105,3217,10882,294,294,166,225,0.1913599617847565,1.0,0,0.5,0.7634453781512605,0,2.347934555307155
118,784856,1135,3267,11091,276,259,209,202,0.2051367094832035,1.0,0,0.5,0.7667226890756302,0,2.51608669407147
119,784584,1161,3319,11285,272,246,194,187,0.17297591898709425,1.0,0,0.5,0.77,0,2.1208860101518496
