Day,Susceptible,Infected,Recovered,New_Infections,New_Recoveries,Reported_Cases,Beta_Effective,Season_Index,Intervention_Flag,Quarantine_Fraction,Reporting_Prob,MultiWave_Flag
0,653249,2779,186,292,186,118,0.2195632920205653,1.0,0,0.5,0.4493324794197584,0
1,652925,2901,388,324,202,119,0.23615751572541208,1.0261321158169134,0,0.5,0.37485658051357235,0
2,652559,3056,599,366,211,145,0.25073602711091075,1.05197792270444,0,0.5,0.37826831134592453,0
3,652244,3144,826,315,227,115,0.2329293241469987,1.0772542485937369,0,0.5,0.36425139187693334,0
4,651834,3336,1044,410,218,187,0.24652233869474122,1.10168416076895,0,0.5,0.4504446420546553,0
5,651408,3470,1336,426,292,189,0.2543555896162872,1.125,0,0.5,0.43881964760141096,0
6,651047,3548,1619,361,283,161,0.2343316486677104,1.1469463130731183,0,0.5,0.4853574456289991,0
7,650633,3680,1901,414,282,188,0.2660487563929271,1.1672826515897146,0,0.5,0.4409032600803587,0
8,650105,3911,2198,528,297,277,0.27169051552659507,1.1857862063693485,0,0.5,0.49741082596154884,0
9,649560,4169,2485,545,287,241,0.2826454831348153,1.2022542485937369,0,0.5,0.45065066838990575,0
10,648961,4446,2807,599,322,325,0.30527483844071174,1.2165063509461096,0,0.5,0.5617029699209943,0
11,648367,4670,3177,594,370,300,0.2763320921614163,1.2283863644106503,0,0.5,0.5028753354956352,0
12,647737,4955,3522,630,345,345,0.2853135891281907,1.2377641290737884,0,0.5,0.5345673769588363,0
13,647045,5248,3921,692,399,366,0.2892109454781603,1.2445369001834514,0,0.5,0.5242701078540186,0
14,646294,5589,4331,751,410,318,0.29233590866526993,1.2486304738420684,0,0.5,0.42886782214243024,0
15,645434,5970,4810,860,426,435,0.3129340126727521,1.25,0,0.5,0.5102325262214957,0
16,644602,6327,5285,832,475,356,0.2738092623146972,1.2486304738420684,0,0.5,0.45062133216517825,0
17,643670,6778,5766,932,481,475,0.2966027684998969,1.2445369001834514,0,0.5,0.5243511006130321,0
18,642712,7239,6263,958,497,512,0.2865916493498986,1.2377641290737884,0,0.5,0.538794813484699,0
19,641610,7808,6796,1102,533,535,0.3094973003037462,1.2283863644106503,0,0.5,0.4926555478151449,0
20,640553,8246,7415,1057,619,559,0.2910864113271584,1.2165063509461096,0,0.5,0.5117731635863734,0
21,639362,8807,8045,1191,630,668,0.298054362900026,1.2022542485937369,0,0.5,0.5697701524508458,0
22,637991,9473,8750,1371,705,666,0.3090938328824541,1.1857862063693485,0,0.5,0.4780183548259552,0
23,636606,10124,9484,1385,734,756,0.29720565832927576,1.1672826515897146,0,0.5,0.5706545937294243,0
24,635159,10766,10289,1447,805,790,0.291291354436492,1.1469463130731183,0,0.5,0.564442925641582,0
25,633610,11459,11145,1549,856,672,0.3096813269053966,1.125,0,0.5,0.4519652047353548,0
26,632153,12011,12050,1457,905,655,0.25666708186085835,1.10168416076895,0,0.5,0.4409133342610614,0
27,630563,12663,12988,1590,938,886,0.2707946528108616,1.0772542485937369,0,0.5,0.5619831486597198,0
28,628833,13392,13989,1730,1001,1091,0.2801032460783125,1.05197792270444,0,0.5,0.6329051480691639,0
29,627243,13946,15025,1590,1036,827,0.2544710198137469,1.0261321158169132,0,0.5,0.5238074503241701,0
30,625570,14511,16133,1673,1108,1023,0.2574217509609672,1.0000000000000002,0,0.5,0.6063234764265281,0
31,623813,15102,17299,1757,1166,1027,0.2588984397852818,0.9738678841830868,0,0.5,0.6014608541360916,0
32,622144,15583,18487,1669,1188,795,0.24811319227004805,0.9480220772955602,0,0.5,0.4811044214454737,0
33,620054,16478,19682,2090,1195,1119,0.27869247740222264,0.9227457514062631,0,0.5,0.5237577515961014,0
34,617966,17200,21048,2088,1266,1206,0.27138420267490426,0.89831583923105,0,0.5,0.5590678999667107,0
35,616009,17825,22380,1957,1332,839,0.24800088758145428,0.8750000000000001,0,0.5,0.42954055367265453,0
36,613965,18515,23734,2044,1354,1196,0.2392682300385921,0.8530536869268818,0,0.5,0.5869943203845333,0
37,611843,19223,25148,2122,1414,1210,0.23279295827715396,0.8327173484102854,0,0.5,0.5709734135284844,0
38,609677,19855,26682,2166,1534,901,0.24294211177188327,0.8142137936306515,0,0.5,0.42191123872974,0
39,607724,20316,28174,1953,1492,1011,0.2110540817908388,0.7977457514062631,0,0.5,0.5134149707640825,0
40,605556,20914,29744,2168,1570,1417,0.23320583619332186,0.7834936490538904,0,0.5,0.641019129230179,0
41,603315,21567,31332,2241,1588,1236,0.235105782961579,0.7716136355893499,0,0.5,0.5430833490805882,0
42,600971,22257,32986,2344,1654,1527,0.24112511197790254,0.7622358709262116,0,0.5,0.6570444838589347,0
43,598560,22941,34713,2411,1727,1385,0.23804506547798035,0.7554630998165486,0,0.5,0.5901415668654052,0
44,596062,23670,36482,2498,1769,1523,0.24345137553552926,0.7513695261579316,0,0.5,0.6084946787127469,0
45,593623,24246,38345,2439,1863,1441,0.22238237507289124,0.75,0,0.5,0.582693701726848,0
46,591276,24696,40242,2347,1897,1274,0.21521229756291418,0.7513695261579316,0,0.5,0.5393410681637127,0
47,588641,25463,42110,2635,1868,1400,0.2394228655233489,0.7554630998165486,0,0.5,0.5239851014553251,0
48,586087,26116,44011,2554,1901,1268,0.22470957221538573,0.7622358709262116,0,0.5,0.515318024200801,0
49,583043,27129,46042,3044,2031,1763,0.2626968605918559,0.7716136355893497,0,0.5,0.5732237690422586,0
50,579985,28085,48144,3058,2102,1660,0.2562759013736824,0.7834936490538904,0,0.5,0.5492176800602507,0
51,576449,29454,50311,3536,2167,2503,0.2857558418355662,0.7977457514062631,0,0.5,0.7058609475767459,0
52,573135,30457,52622,3314,2311,1866,0.2521524874608762,0.8142137936306515,0,0.5,0.558891806751701,0
53,569694,31538,54982,3441,2360,2192,0.2594953010397248,0.8327173484102854,0,0.5,0.6495133350796397,0
54,566139,32523,57552,3555,2518,2146,0.2570153075657752,0.8530536869268817,0,0.5,0.6171527430451083,0
55,562192,33929,60093,3947,2541,2434,0.2868943540682586,0.8750000000000001,0,0.5,0.6106265728706722,0
56,557696,35815,62703,4496,2610,2356,0.30593793791887164,0.89831583923105,0,0.5,0.5171805427868393,0
57,553241,37556,65417,4455,2714,2558,0.2933839613630201,0.9227457514062631,0,0.5,0.5821366271103693,0
58,548593,39183,68438,4648,3021,2681,0.29108266754433176,0.9480220772955602,0,0.5,0.5808835262039467,0
59,543398,41370,71446,5195,3008,3358,0.31847379291660655,0.9738678841830867,0,0.5,0.6388572748845404,0
60,537918,43639,74657,5480,3211,3577,0.33213675315726904,0.9999999999999997,0,0.5,0.659916718432679,0
61,529773,48432,78009,8145,3352,4908,0.46880499418639127,1.0261321158169132,0,0.5,0.6068844990335187,1
62,519648,54972,81594,10125,3585,6176,0.5267888523862886,1.0519779227044397,0,0.5,0.6089022394487601,1
63,507648,62798,85768,12000,4174,6779,0.5609277288120176,1.0772542485937369,0,0.5,0.5724224416097798,1
64,494598,71034,90582,13050,4814,7694,0.5414286522275173,1.1016841607689498,0,0.5,0.5968064637310784,1
65,480837,79333,96044,13761,5462,8464,0.5197107506969101,1.1249999999999998,0,0.5,0.6117759655064372,1
66,464514,89562,102138,16323,6094,9722,0.5655043514353356,1.1469463130731183,0,0.5,0.6037175065639786,1
67,445413,101774,109027,19101,6889,12140,0.6079791808147159,1.1672826515897143,0,0.5,0.6353913276592109,1
68,424151,115262,116801,21262,7774,13502,0.6294341380493054,1.1857862063693485,0,0.5,0.637487645541153,1
69,402594,127908,125712,21557,8911,13486,0.5908489405730566,1.2022542485937369,0,0.5,0.6243012375015333,1
70,380548,140088,135578,22046,9866,14632,0.5825923694735472,1.2165063509461096,0,0.5,0.668586875346449,1
71,355953,153772,146489,24595,10911,13223,0.6275210316108729,1.2283863644106503,0,0.5,0.5390894742071846,1
72,332057,165761,158396,23896,11828,15121,0.5897213002696694,1.2377641290737884,0,0.5,0.6348502301306241,1
73,306386,178744,171084,25671,12688,16693,0.6379384495898203,1.2445369001834514,0,0.5,0.6496009321596456,1
74,281721,189647,184846,24665,13762,14310,0.614328888620831,1.2486304738420684,0,0.5,0.5771965909839216,1
75,258857,197850,199507,22864,14661,14342,0.5861764664074067,1.25,0,0.5,0.622140476705997,1
76,238462,203049,214703,20395,15196,13582,0.5471238958212284,1.2486304738420684,0,0.5,0.6702061574750184,1
77,216361,209635,230218,22101,15515,16445,0.6263188570551685,1.2445369001834514,0,0.5,0.7439165404609156,1
78,195336,214562,246316,21025,16098,13321,0.6329096510889928,1.2377641290737884,0,0.5,0.6333871535202553,1
79,177704,215675,262835,17632,16519,12142,0.5843725696321941,1.22838636441065,0,0.5,0.6905801265573801,1
80,162888,213804,279522,14816,16687,10304,0.5266899648534078,1.2165063509461098,0,0.5,0.697738639019016,1
81,148770,211351,296093,14118,16571,10788,0.563272863916147,1.2022542485937369,0,0.5,0.7559332867424048,1
82,140921,202928,312365,7849,16272,5632,0.3307574944537022,1.1857862063693487,0,0.5,0.7130645316611036,0
83,133851,194270,328093,7070,15728,4780,0.334328104631101,1.1672826515897143,0,0.5,0.6695919748549621,0
84,127042,186098,343074,6809,14981,5323,0.35255692342028105,1.1469463130731183,0,0.5,0.7810479454595682,0
85,121447,177470,357297,5595,14223,3690,0.3136390188663175,1.125,0,0.5,0.6658278762246199,0
86,116333,168925,370956,5114,13659,3395,0.31032252801466254,1.1016841607689503,0,0.5,0.673491350066202,0
87,111692,160790,383732,4641,12776,3421,0.3168993505112613,1.0772542485937369,0,0.5,0.73130101143642,0
88,108405,151709,396100,3287,12368,2319,0.2513358561679658,1.0519779227044401,0,0.5,0.6945377683229965,0
89,104956,143459,407799,3449,11699,2487,0.28561958559795175,1.0261321158169132,0,0.5,0.7193196191600169,0
90,101657,135561,418996,3299,11197,2280,0.28586678185822056,1.0,0,0.5,0.6829533276398623,0
91,99121,127635,429458,2536,10462,1743,0.2511699763802194,0.9738678841830866,0,0.5,0.6813242931703278,0
92,96580,120245,439389,2541,9846,1560,0.27106971243591677,0.9480220772955604,0,0.5,0.6129720332901224,0
93,94505,113013,448696,2075,9307,1429,0.2402472432234157,0.9227457514062632,0,0.5,0.6938480496332841,0
94,92678,106105,457431,1827,8735,1228,0.23214867888688745,0.89831583923105,0,0.5,0.6497985164828324,0
95,90822,99799,465593,1856,8162,1182,0.23631773479952373,0.8749999999999998,0,0.5,0.6427024924063816,0
96,89522,93500,473192,1300,7599,921,0.2031592028586561,0.8530536869268818,0,0.5,0.6980339326399291,0
97,88155,87863,480196,1367,7004,938,0.20606286150844197,0.8327173484102858,0,0.5,0.6963346848098172,0
98,86826,82505,486883,1329,6687,954,0.225599372083801,0.8142137936306516,0,0.5,0.715659871583118,0
99,85707,77278,493229,1119,6346,825,0.21185199932120657,0.7977457514062631,0,0.5,0.7218713253581088,0
100,84819,72278,499117,888,5888,632,0.17998675185296142,0.7834936490538903,0,0.5,0.7146907651737766,0
101,83878,67567,504769,941,5652,630,0.19723303303676853,0.7716136355893499,0,0.5,0.688478690932597,0
102,83045,63132,510037,833,5268,651,0.18788937624221744,0.7622358709262116,0,0.5,0.7595005663539074,0
103,82289,59003,514922,756,4885,589,0.19388216555354187,0.7554630998165487,0,0.5,0.768195297747952,0
104,81582,55254,519378,707,4456,478,0.18881092413948083,0.7513695261579316,0,0.5,0.6766583269744654,0
105,80934,51737,523543,648,4165,465,0.18298723134960762,0.75,0,0.5,0.7061658750091436,0
106,80331,48469,527414,603,3871,411,0.18588821126933291,0.7513695261579316,0,0.5,0.6623403035933177,0
107,79822,45301,531091,509,3677,398,0.1747486856180482,0.7554630998165486,0,0.5,0.7716515415863789,0
108,79318,42256,534640,504,3549,381,0.18348665904666078,0.7622358709262116,0,0.5,0.7360322809020505,0
109,78896,39482,537836,422,3196,310,0.19199269686227083,0.7716136355893496,0,0.5,0.7135010919276596,0
110,78412,36880,540922,484,3084,339,0.18337332006939233,0.7834936490538904,0,0.5,0.744202242764632,0
111,78042,34362,543810,370,2888,276,0.17537173488693564,0.7977457514062631,0,0.5,0.6999053895588037,0
112,77683,31998,546533,359,2723,232,0.1829449368962718,0.8142137936306515,0,0.5,0.6748239796645005,0
113,77362,29820,549032,321,2499,214,0.18878257636901075,0.8327173484102852,0,0.5,0.6913642881180839,0
114,76971,28001,551242,391,2210,313,0.21155601209091854,0.8530536869268817,0,0.5,0.8075337482034657,0
115,76611,26217,553386,360,2144,262,0.21209782096004187,0.875,0,0.5,0.6905108579770638,0
116,76283,24462,555469,328,2083,243,0.23011552846180153,0.8983158392310501,0,0.5,0.7748215841742332,0
117,75989,22847,557378,294,1909,232,0.21294983294926326,0.922745751406263,0,0.5,0.8208965610947814,0
118,75712,21386,559116,277,1738,213,0.21471046895882373,0.9480220772955602,0,0.5,0.7790935956817496,0
119,75435,19999,560780,277,1664,183,0.2270192036705037,0.9738678841830863,0,0.5,0.7469682668500662,0
120,75159,18721,562334,276,1554,192,0.22886192618694143,0.9999999999999994,0,0.5,0.7246190080336126,0
121,74908,17514,563792,251,1458,189,0.21530700860457624,1.0261321158169134,0,0.5,0.7392065064936977,0
